TEMP PH ORP EC TDS SAL SG DO SAT TIME
21.727 8.28 53.60 260.30 140.00 0.12 1.00 33.80 0.00 0:0:17 D/M/Y:31/12/2095
21.745 8.23 58.50 258.30 139.00 0.12 1.00 31.01 0.00 0:0:34 D/M/Y:31/12/2095
21.756 8.20 59.70 256.40 138.00 0.12 1.00 28.56 0.00 0:0:50 D/M/Y:31/12/2095
21.762 8.18 61.00 255.10 137.00 0.12 1.00 29.10 0.00 0:1:6 D/M/Y:31/12/2095
21.765 8.17 62.30 254.20 137.00 0.12 1.00 30.40 0.00 0:1:22 D/M/Y:31/12/2095
4.646 8.14 128.40 14020.00 7574.00 8.10 1.01 113.08 0.00 0:0:18 D/M/Y:31/12/2095
4.669 8.10 130.20 14000.00 7563.00 8.09 1.01 111.97 0.00 0:0:34 D/M/Y:31/12/2095
4.503 8.09 131.40 14000.00 7563.00 8.09 1.01 113.06 0.00 0:0:50 D/M/Y:31/12/2095
4.656 8.07 132.30 14010.00 7566.00 8.09 1.01 112.90 0.00 0:1:6 D/M/Y:31/12/2095
4.639 8.06 132.50 10730.00 5797.00 6.07 1.00 112.69 0.00 0:1:22 D/M/Y:31/12/2095
4.625 8.05 133.30 14020.00 7572.00 8.10 1.01 113.95 0.00 0:1:38 D/M/Y:31/12/2095
4.476 8.04 133.40 13120.00 7086.00 7.54 1.01 114.01 0.00 0:1:54 D/M/Y:31/12/2095
4.611 8.04 134.10 12580.00 6793.00 7.20 1.01 113.73 0.00 0:2:10 D/M/Y:31/12/2095
4.488 8.03 134.70 14030.00 7581.00 8.11 1.01 114.16 0.00 0:2:26 D/M/Y:31/12/2095
4.501 8.03 134.70 14020.00 7573.00 8.10 1.01 113.55 0.00 0:2:42 D/M/Y:31/12/2095
4.519 8.03 134.90 13990.00 7555.00 8.08 1.01 113.79 0.00 0:2:58 D/M/Y:31/12/2095
4.527 8.02 135.30 14040.00 7586.00 8.12 1.01 113.00 0.00 0:3:14 D/M/Y:31/12/2095
4.533 8.02 135.30 14050.00 7591.00 8.12 1.01 113.75 0.00 0:3:30 D/M/Y:31/12/2095
4.531 8.02 135.50 14050.00 7587.00 8.12 1.01 111.87 0.00 0:3:46 D/M/Y:31/12/2095
4.532 8.02 135.50 14050.00 7589.00 8.12 1.01 113.87 0.00 0:4:2 D/M/Y:31/12/2095
4.534 8.02 64.50 14050.00 7588.00 8.12 1.01 113.31 0.00 0:4:18 D/M/Y:31/12/2095
4.528 8.01 83.40 14050.00 7588.00 8.12 1.01 112.76 0.00 0:4:34 D/M/Y:31/12/2095
4.538 8.02 87.50 14030.00 7577.00 8.11 1.01 113.22 0.00 0:4:50 D/M/Y:31/12/2095
4.531 8.09 89.80 23770.00 12839.00 13.72 1.01 113.55 0.00 0:5:5 D/M/Y:31/12/2095
4.535 8.09 91.60 23810.00 12859.00 13.75 1.01 112.31 0.00 0:5:21 D/M/Y:31/12/2095
4.525 8.09 93.10 23800.00 12856.00 13.74 1.01 113.01 0.00 0:5:37 D/M/Y:31/12/2095
4.519 8.09 94.10 23820.00 12867.00 13.76 1.01 114.38 0.00 0:5:51 D/M/Y:31/12/2095
4.516 8.08 95.10 23820.00 12867.00 13.76 1.01 115.17 0.00 0:6:7 D/M/Y:31/12/2095
4.506 8.09 96.00 23750.00 12826.00 13.71 1.01 113.82 0.00 0:6:23 D/M/Y:31/12/2095
4.506 8.09 96.80 22960.00 12399.00 13.22 1.01 113.09 0.00 0:6:39 D/M/Y:31/12/2095
4.508 8.08 97.70 23800.00 12857.00 13.75 1.01 113.23 0.00 0:6:55 D/M/Y:31/12/2095
4.508 8.08 98.30 23800.00 12854.00 13.74 1.01 114.59 0.00 0:7:11 D/M/Y:31/12/2095
4.506 8.08 98.90 23800.00 12853.00 13.74 1.01 113.60 0.00 0:7:27 D/M/Y:31/12/2095
4.505 8.09 99.70 23780.00 12846.00 13.73 1.01 113.24 0.00 0:7:44 D/M/Y:31/12/2095
4.497 8.08 100.10 23790.00 12850.00 13.74 1.01 112.22 0.00 0:8:0 D/M/Y:31/12/2095
4.500 8.08 100.50 23770.00 12836.00 13.72 1.01 113.10 0.00 0:8:16 D/M/Y:31/12/2095
4.498 8.08 101.20 23800.00 12855.00 13.74 1.01 114.36 0.00 0:8:32 D/M/Y:31/12/2095
4.499 8.08 101.40 23780.00 12841.00 13.73 1.01 113.66 0.00 0:8:48 D/M/Y:31/12/2095
4.494 8.08 102.00 23770.00 12840.00 13.73 1.01 113.33 0.00 0:9:4 D/M/Y:31/12/2095
4.489 8.08 102.30 23770.00 12839.00 13.73 1.01 112.90 0.00 0:9:20 D/M/Y:31/12/2095
4.487 8.08 102.60 23800.00 12857.00 13.75 1.01 114.38 0.00 0:9:36 D/M/Y:31/12/2095
4.489 8.08 103.00 23810.00 12859.00 13.75 1.01 112.30 0.00 0:9:52 D/M/Y:31/12/2095
4.477 8.08 103.40 23850.00 12883.00 13.77 1.01 113.73 0.00 0:10:7 D/M/Y:31/12/2095
4.473 8.08 103.60 23850.00 12879.00 13.77 1.01 113.07 0.00 0:10:21 D/M/Y:31/12/2095
4.475 8.08 103.90 23860.00 12885.00 13.77 1.01 113.06 0.00 0:10:37 D/M/Y:31/12/2095
4.473 8.08 103.90 23870.00 12890.00 13.78 1.01 113.00 0.00 0:10:53 D/M/Y:31/12/2095
4.475 8.08 104.50 23810.00 12862.00 13.75 1.01 114.28 0.00 0:11:9 D/M/Y:31/12/2095
4.475 8.08 104.70 23860.00 12886.00 13.78 1.01 113.69 0.00 0:11:25 D/M/Y:31/12/2095
4.465 8.08 104.60 23170.00 12517.00 13.35 1.01 114.29 0.00 0:11:41 D/M/Y:31/12/2095
4.459 8.08 105.20 23850.00 12879.00 13.77 1.01 114.15 0.00 0:11:57 D/M/Y:31/12/2095
4.454 8.08 105.50 23810.00 12861.00 13.75 1.01 112.24 0.00 0:12:13 D/M/Y:31/12/2095
4.454 8.08 105.80 23780.00 12844.00 13.73 1.01 113.71 0.00 0:12:29 D/M/Y:31/12/2095
4.452 8.08 106.10 23780.00 12841.00 13.72 1.01 114.40 0.00 0:12:45 D/M/Y:31/12/2095
4.445 8.08 106.20 23770.00 12839.00 13.72 1.01 112.26 0.00 0:13:1 D/M/Y:31/12/2095
4.438 8.08 106.50 23750.00 12825.00 13.70 1.01 113.54 0.00 0:13:17 D/M/Y:31/12/2095
4.434 8.08 106.70 23750.00 12828.00 13.71 1.01 112.07 0.00 0:13:34 D/M/Y:31/12/2095
4.428 8.08 107.00 23760.00 12832.00 13.71 1.01 112.44 0.00 0:13:50 D/M/Y:31/12/2095
4.423 8.07 107.20 23750.00 12828.00 13.71 1.01 112.97 0.00 0:14:6 D/M/Y:31/12/2095
4.423 8.08 107.10 23760.00 12833.00 13.71 1.01 112.22 0.00 0:14:22 D/M/Y:31/12/2095
4.425 8.08 107.30 23790.00 12846.00 13.73 1.01 114.33 0.00 0:14:38 D/M/Y:31/12/2095
4.425 8.08 107.50 23800.00 12856.00 13.74 1.01 114.58 0.00 0:14:54 D/M/Y:31/12/2095
4.428 8.08 107.70 23860.00 12887.00 13.77 1.01 113.82 0.00 0:15:9 D/M/Y:31/12/2095
4.423 8.08 107.80 23890.00 12905.00 13.79 1.01 113.24 0.00 0:15:25 D/M/Y:31/12/2095
4.417 8.08 107.90 23820.00 12866.00 13.75 1.01 111.87 0.00 0:15:41 D/M/Y:31/12/2095
4.419 8.08 107.80 23860.00 12888.00 13.77 1.01 113.61 0.00 0:15:57 D/M/Y:31/12/2095
4.418 8.07 108.10 23860.00 12885.00 13.77 1.01 112.91 0.00 0:16:11 D/M/Y:31/12/2095
4.419 8.08 108.10 23810.00 12860.00 13.74 1.01 112.57 0.00 0:16:27 D/M/Y:31/12/2095
4.419 8.08 108.30 23810.00 12858.00 13.74 1.01 112.45 0.00 0:16:43 D/M/Y:31/12/2095
4.414 8.08 108.30 23800.00 12853.00 13.73 1.01 114.26 0.00 0:16:59 D/M/Y:31/12/2095
4.409 8.08 108.40 23790.00 12848.00 13.73 1.01 112.96 0.00 0:17:15 D/M/Y:31/12/2095
4.410 8.08 108.50 23800.00 12852.00 13.73 1.01 112.58 0.00 0:17:31 D/M/Y:31/12/2095
4.413 8.08 108.60 23790.00 12846.00 13.72 1.01 112.45 0.00 0:17:47 D/M/Y:31/12/2095
4.417 8.08 108.80 23790.00 12850.00 13.73 1.01 113.59 0.00 0:18:3 D/M/Y:31/12/2095
4.413 8.07 108.90 23800.00 12853.00 13.73 1.01 114.54 0.00 0:18:19 D/M/Y:31/12/2095
4.403 8.08 109.10 23800.00 12856.00 13.73 1.01 112.95 0.00 0:18:35 D/M/Y:31/12/2095
4.402 8.08 109.10 23800.00 12855.00 13.73 1.01 111.28 0.00 0:18:51 D/M/Y:31/12/2095
4.406 8.08 109.30 23800.00 12856.00 13.73 1.01 112.34 0.00 0:19:7 D/M/Y:31/12/2095
4.401 8.07 109.30 20960.00 11321.00 11.97 1.01 114.24 0.00 0:19:23 D/M/Y:31/12/2095
4.386 8.08 109.60 23790.00 12847.00 13.72 1.01 114.08 0.00 0:19:39 D/M/Y:31/12/2095
4.388 8.08 109.50 23810.00 12860.00 13.74 1.01 112.95 0.00 0:19:55 D/M/Y:31/12/2095
4.386 8.08 109.70 23850.00 12882.00 13.76 1.01 113.30 0.00 0:20:10 D/M/Y:31/12/2095
4.385 8.08 109.70 23840.00 12877.00 13.76 1.01 111.50 0.00 0:20:26 D/M/Y:31/12/2095
4.376 8.08 109.70 23700.00 12801.00 13.67 1.01 113.11 0.00 0:20:42 D/M/Y:31/12/2095
4.369 8.08 109.70 23860.00 12886.00 13.77 1.01 114.35 0.00 0:20:58 D/M/Y:31/12/2095
4.380 8.08 109.70 23850.00 12884.00 13.76 1.01 113.16 0.00 0:21:14 D/M/Y:31/12/2095
4.379 8.08 109.70 23850.00 12883.00 13.76 1.01 114.65 0.00 0:21:30 D/M/Y:31/12/2095
4.376 8.09 109.80 23860.00 12885.00 13.76 1.01 113.15 0.00 0:21:46 D/M/Y:31/12/2095
4.376 8.08 109.90 23850.00 12881.00 13.76 1.01 114.02 0.00 0:22:3 D/M/Y:31/12/2095
4.375 8.08 109.90 23850.00 12880.00 13.76 1.01 113.07 0.00 0:22:19 D/M/Y:31/12/2095
4.375 8.08 109.90 23230.00 12549.00 13.38 1.01 114.45 0.00 0:22:35 D/M/Y:31/12/2095
4.381 8.08 110.00 23880.00 12899.00 13.78 1.01 114.32 0.00 0:22:51 D/M/Y:31/12/2095
4.380 8.09 110.00 23880.00 12895.00 13.78 1.01 113.89 0.00 0:23:7 D/M/Y:31/12/2095
4.376 8.08 110.10 23880.00 12897.00 13.78 1.01 112.49 0.00 0:23:23 D/M/Y:31/12/2095
4.380 8.08 110.20 23880.00 12897.00 13.78 1.01 113.84 0.00 0:23:39 D/M/Y:31/12/2095
4.373 8.08 110.20 23890.00 12905.00 13.79 1.01 113.19 0.00 0:23:55 D/M/Y:31/12/2095
4.368 8.08 110.40 23890.00 12902.00 13.78 1.01 114.17 0.00 0:24:11 D/M/Y:31/12/2095
4.367 8.08 110.30 23900.00 12910.00 13.79 1.01 114.47 0.00 0:24:27 D/M/Y:31/12/2095
4.371 8.08 110.30 23910.00 12916.00 13.80 1.01 113.44 0.00 0:24:43 D/M/Y:31/12/2095
4.366 8.08 110.30 23900.00 12910.00 13.79 1.01 113.75 0.00 0:24:59 D/M/Y:31/12/2095
4.371 8.08 110.50 23890.00 12905.00 13.79 1.01 114.65 0.00 0:25:14 D/M/Y:31/12/2095
4.367 8.08 110.50 23890.00 12905.00 13.79 1.01 113.21 0.00 0:25:30 D/M/Y:31/12/2095
4.364 8.08 110.50 23890.00 12902.00 13.78 1.01 113.82 0.00 0:25:46 D/M/Y:31/12/2095
4.362 8.08 110.50 23900.00 12908.00 13.79 1.01 113.25 0.00 0:26:2 D/M/Y:31/12/2095
4.369 8.09 110.50 23930.00 12923.00 13.81 1.01 113.77 0.00 0:26:18 D/M/Y:31/12/2095
4.373 8.09 110.60 23950.00 12933.00 13.82 1.01 113.64 0.00 0:26:34 D/M/Y:31/12/2095
4.369 8.09 110.40 23930.00 12925.00 13.81 1.01 113.88 0.00 0:26:50 D/M/Y:31/12/2095
4.362 8.08 110.50 23950.00 12935.00 13.82 1.01 113.48 0.00 0:27:6 D/M/Y:31/12/2095
4.357 8.08 110.50 23950.00 12937.00 13.82 1.01 114.08 0.00 0:27:22 D/M/Y:31/12/2095
4.367 8.09 110.70 23960.00 12939.00 13.83 1.01 112.72 0.00 0:27:36 D/M/Y:31/12/2095
4.364 8.09 110.80 23950.00 12937.00 13.82 1.01 113.84 0.00 0:27:52 D/M/Y:31/12/2095
4.373 8.09 110.70 23950.00 12935.00 13.82 1.01 114.16 0.00 0:28:8 D/M/Y:31/12/2095
4.375 8.09 110.80 23990.00 12957.00 13.85 1.01 114.16 0.00 0:28:24 D/M/Y:31/12/2095
4.375 8.09 110.70 24030.00 12976.00 13.87 1.01 112.49 0.00 0:28:40 D/M/Y:31/12/2095
4.376 8.09 110.70 23980.00 12953.00 13.84 1.01 112.41 0.00 0:28:56 D/M/Y:31/12/2095
4.376 8.09 110.80 23990.00 12956.00 13.85 1.01 113.04 0.00 0:29:12 D/M/Y:31/12/2095
4.382 8.09 110.70 24010.00 12967.00 13.86 1.01 113.10 0.00 0:29:29 D/M/Y:31/12/2095
4.387 8.09 110.70 24020.00 12971.00 13.86 1.01 114.38 0.00 0:29:45 D/M/Y:31/12/2095
4.389 8.09 110.60 24030.00 12981.00 13.87 1.01 113.60 0.00 0:30:1 D/M/Y:31/12/2095
4.394 8.09 110.80 24030.00 12979.00 13.87 1.01 112.89 0.00 0:30:15 D/M/Y:31/12/2095
4.380 8.09 110.80 24020.00 12974.00 13.87 1.01 113.38 0.00 0:30:32 D/M/Y:31/12/2095
4.379 8.09 110.70 24070.00 13001.00 13.90 1.01 114.23 0.00 0:30:48 D/M/Y:31/12/2095
4.376 8.09 110.70 24140.00 13036.00 13.94 1.01 113.15 0.00 0:31:4 D/M/Y:31/12/2095
4.381 8.09 110.70 24080.00 13007.00 13.91 1.01 113.53 0.00 0:31:20 D/M/Y:31/12/2095
4.380 8.09 110.80 24080.00 13004.00 13.90 1.01 112.57 0.00 0:31:36 D/M/Y:31/12/2095
4.379 8.09 110.90 24080.00 13008.00 13.91 1.01 112.76 0.00 0:31:52 D/M/Y:31/12/2095
4.373 8.09 110.80 24090.00 13010.00 13.91 1.01 113.17 0.00 0:32:8 D/M/Y:31/12/2095
4.378 8.09 110.90 24090.00 13012.00 13.91 1.01 112.97 0.00 0:32:24 D/M/Y:31/12/2095
4.378 8.08 110.90 24080.00 13007.00 13.91 1.01 112.84 0.00 0:32:40 D/M/Y:31/12/2095
4.380 8.09 110.80 24070.00 13002.00 13.90 1.01 112.98 0.00 0:32:56 D/M/Y:31/12/2095
4.376 8.09 111.00 24070.00 13000.00 13.90 1.01 113.29 0.00 0:33:12 D/M/Y:31/12/2095
4.374 8.09 110.90 24070.00 13000.00 13.90 1.01 113.46 0.00 0:33:26 D/M/Y:31/12/2095
4.373 8.09 110.90 24070.00 12998.00 13.90 1.01 113.91 0.00 0:33:42 D/M/Y:31/12/2095
4.372 8.09 110.80 24070.00 12999.00 13.90 1.01 112.99 0.00 0:33:58 D/M/Y:31/12/2095
4.368 8.09 110.80 24060.00 12995.00 13.89 1.01 113.57 0.00 0:34:14 D/M/Y:31/12/2095
4.369 8.09 110.90 24070.00 12998.00 13.90 1.01 113.13 0.00 0:34:30 D/M/Y:31/12/2095
4.367 8.09 111.00 24070.00 12998.00 13.90 1.01 114.23 0.00 0:34:46 D/M/Y:31/12/2095
4.378 8.09 110.60 23540.00 12714.00 13.57 1.01 113.93 0.00 0:35:5 D/M/Y:31/12/2095
4.389 8.09 110.80 24080.00 13008.00 13.91 1.01 113.97 0.00 0:35:21 D/M/Y:31/12/2095
4.386 8.10 110.60 23890.00 12905.00 13.79 1.01 114.13 0.00 0:35:37 D/M/Y:31/12/2095
4.392 8.09 110.60 24100.00 13019.00 13.92 1.01 111.03 0.00 0:35:53 D/M/Y:31/12/2095
4.395 8.09 110.90 24100.00 13016.00 13.92 1.01 113.56 0.00 0:36:9 D/M/Y:31/12/2095
4.402 8.10 110.70 24110.00 13019.00 13.92 1.01 111.56 0.00 0:36:25 D/M/Y:31/12/2095
4.403 8.09 110.60 24100.00 13019.00 13.92 1.01 112.46 0.00 0:36:41 D/M/Y:31/12/2095
4.402 8.10 110.60 24100.00 13017.00 13.92 1.01 112.86 0.00 0:36:57 D/M/Y:31/12/2095
4.399 8.09 110.70 23700.00 12798.00 13.66 1.01 112.85 0.00 0:37:13 D/M/Y:31/12/2095
4.397 8.10 110.70 23690.00 12795.00 13.66 1.01 113.56 0.00 0:37:29 D/M/Y:31/12/2095
4.396 8.10 110.60 23610.00 12751.00 13.61 1.01 111.96 0.00 0:37:45 D/M/Y:31/12/2095
4.388 8.09 110.60 23520.00 12705.00 13.55 1.01 112.18 0.00 0:38:2 D/M/Y:31/12/2095
4.386 8.10 110.60 23520.00 12700.00 13.55 1.01 112.41 0.00 0:38:18 D/M/Y:31/12/2095
4.392 8.10 110.80 23550.00 12721.00 13.57 1.01 113.19 0.00 0:38:34 D/M/Y:31/12/2095
4.389 8.10 110.60 23620.00 12755.00 13.61 1.01 113.57 0.00 0:38:50 D/M/Y:31/12/2095
4.388 8.10 110.70 23630.00 12762.00 13.62 1.01 112.45 0.00 0:39:4 D/M/Y:31/12/2095
4.387 8.10 110.70 23680.00 12789.00 13.65 1.01 113.23 0.00 0:39:20 D/M/Y:31/12/2095
4.381 8.10 110.60 23680.00 12792.00 13.66 1.01 111.44 0.00 0:39:36 D/M/Y:31/12/2095
4.378 8.10 110.60 23750.00 12826.00 13.70 1.01 112.45 0.00 0:39:52 D/M/Y:31/12/2095
4.386 8.10 110.70 23760.00 12832.00 13.70 1.01 112.72 0.00 0:40:7 D/M/Y:31/12/2095
4.381 8.10 110.50 23750.00 12826.00 13.70 1.01 111.74 0.00 0:40:23 D/M/Y:31/12/2095
4.380 8.09 110.50 23700.00 12798.00 13.66 1.01 113.35 0.00 0:40:39 D/M/Y:31/12/2095
4.373 8.10 110.70 23650.00 12773.00 13.63 1.01 114.65 0.00 0:40:55 D/M/Y:31/12/2095
4.371 8.09 110.60 23610.00 12750.00 13.61 1.01 110.80 0.00 0:41:11 D/M/Y:31/12/2095
4.368 8.09 110.70 23360.00 12617.00 13.45 1.01 113.97 0.00 0:41:27 D/M/Y:31/12/2095
4.366 8.09 110.50 23570.00 12731.00 13.59 1.01 112.87 0.00 0:41:43 D/M/Y:31/12/2095
4.364 8.10 110.70 23590.00 12739.00 13.59 1.01 113.33 0.00 0:41:59 D/M/Y:31/12/2095
4.358 8.09 110.60 23590.00 12740.00 13.60 1.01 112.70 0.00 0:42:15 D/M/Y:31/12/2095
4.353 8.10 110.50 23590.00 12742.00 13.60 1.01 113.99 0.00 0:42:31 D/M/Y:31/12/2095
4.359 8.10 110.60 23620.00 12758.00 13.62 1.01 111.77 0.00 0:42:47 D/M/Y:31/12/2095
4.362 8.09 110.60 23640.00 12766.00 13.63 1.01 113.38 0.00 0:43:3 D/M/Y:31/12/2095
4.359 8.10 110.60 23630.00 12764.00 13.62 1.01 113.17 0.00 0:43:19 D/M/Y:31/12/2095
4.323 8.10 110.70 23620.00 12757.00 13.62 1.01 112.69 0.00 0:43:35 D/M/Y:31/12/2095
4.337 8.10 110.50 23570.00 12731.00 13.59 1.01 113.17 0.00 0:43:51 D/M/Y:31/12/2095
4.336 8.09 110.70 23630.00 12763.00 13.62 1.01 113.45 0.00 0:44:7 D/M/Y:31/12/2095
4.346 8.10 110.70 23630.00 12765.00 13.62 1.01 112.88 0.00 0:44:23 D/M/Y:31/12/2095
4.346 8.10 110.60 23640.00 12765.00 13.63 1.01 113.12 0.00 0:44:39 D/M/Y:31/12/2095
4.343 8.10 110.50 23640.00 12765.00 13.63 1.01 112.83 0.00 0:44:53 D/M/Y:31/12/2095
4.346 8.10 110.60 23680.00 12789.00 13.65 1.01 112.11 0.00 0:45:10 D/M/Y:31/12/2095
4.346 8.10 110.50 23680.00 12789.00 13.65 1.01 113.02 0.00 0:45:26 D/M/Y:31/12/2095
4.343 8.10 110.40 23690.00 12795.00 13.66 1.01 112.80 0.00 0:45:40 D/M/Y:31/12/2095
4.338 8.10 110.50 23690.00 12795.00 13.66 1.01 113.20 0.00 0:45:56 D/M/Y:31/12/2095
4.337 8.10 110.60 23680.00 12790.00 13.65 1.01 113.31 0.00 0:46:12 D/M/Y:31/12/2095
4.331 8.10 110.50 23670.00 12785.00 13.65 1.01 113.08 0.00 0:46:29 D/M/Y:31/12/2095
4.323 8.10 110.50 23650.00 12775.00 13.63 1.01 113.61 0.00 0:46:45 D/M/Y:31/12/2095
4.330 8.10 110.70 23640.00 12769.00 13.63 1.01 112.09 0.00 0:47:1 D/M/Y:31/12/2095
4.326 8.10 110.60 23640.00 12766.00 13.62 1.01 111.57 0.00 0:47:17 D/M/Y:31/12/2095
4.326 8.09 110.70 23630.00 12761.00 13.62 1.01 112.97 0.00 0:47:33 D/M/Y:31/12/2095
4.325 8.09 110.70 23620.00 12758.00 13.61 1.01 113.31 0.00 0:47:49 D/M/Y:31/12/2095
4.319 8.10 110.50 23610.00 12750.00 13.60 1.01 112.91 0.00 0:48:5 D/M/Y:31/12/2095
4.319 8.10 110.50 23590.00 12738.00 13.59 1.01 112.13 0.00 0:48:21 D/M/Y:31/12/2095
4.312 8.10 110.50 23580.00 12735.00 13.59 1.01 111.84 0.00 0:48:37 D/M/Y:31/12/2095
4.308 8.10 110.50 23550.00 12719.00 13.57 1.01 113.67 0.00 0:48:53 D/M/Y:31/12/2095
4.301 8.09 110.40 23540.00 12713.00 13.56 1.01 111.37 0.00 0:49:9 D/M/Y:31/12/2095
4.302 8.09 110.60 23520.00 12701.00 13.55 1.01 112.11 0.00 0:49:25 D/M/Y:31/12/2095
4.292 8.09 110.60 23490.00 12685.00 13.53 1.01 113.63 0.00 0:49:41 D/M/Y:31/12/2095
4.290 8.09 110.60 23490.00 12689.00 13.53 1.01 111.77 0.00 0:49:57 D/M/Y:31/12/2095
4.298 8.10 110.40 23520.00 12701.00 13.54 1.01 111.48 0.00 0:50:12 D/M/Y:31/12/2095
4.296 8.09 110.40 23520.00 12702.00 13.54 1.01 112.67 0.00 0:50:28 D/M/Y:31/12/2095
4.261 8.10 110.40 23530.00 12708.00 13.55 1.01 112.79 0.00 0:50:44 D/M/Y:31/12/2095
4.263 8.09 110.50 23540.00 12713.00 13.56 1.01 112.88 0.00 0:51:0 D/M/Y:31/12/2095
4.275 8.10 110.60 23540.00 12716.00 13.56 1.01 112.37 0.00 0:51:16 D/M/Y:31/12/2095
4.278 8.10 110.40 23560.00 12724.00 13.57 1.01 113.29 0.00 0:51:30 D/M/Y:31/12/2095
4.288 8.09 110.40 23550.00 12719.00 13.56 1.01 112.79 0.00 0:51:46 D/M/Y:31/12/2095
4.290 8.10 110.50 23540.00 12716.00 13.56 1.01 111.81 0.00 0:52:2 D/M/Y:31/12/2095
4.287 8.10 110.50 23550.00 12718.00 13.56 1.01 112.56 0.00 0:52:18 D/M/Y:31/12/2095
4.292 8.09 110.50 23560.00 12725.00 13.57 1.01 111.16 0.00 0:52:34 D/M/Y:31/12/2095
4.293 8.09 110.50 23570.00 12729.00 13.58 1.01 112.88 0.00 0:52:50 D/M/Y:31/12/2095
4.292 8.10 110.40 23580.00 12736.00 13.58 1.01 113.09 0.00 0:53:6 D/M/Y:31/12/2095
4.287 8.09 110.50 23590.00 12742.00 13.59 1.01 111.60 0.00 0:53:22 D/M/Y:31/12/2095
4.278 8.10 110.30 23580.00 12734.00 13.58 1.01 112.94 0.00 0:53:38 D/M/Y:31/12/2095
4.260 8.10 110.30 23590.00 12742.00 13.59 1.01 112.04 0.00 0:53:55 D/M/Y:31/12/2095
4.260 8.10 110.30 23590.00 12739.00 13.59 1.01 113.22 0.00 0:54:11 D/M/Y:31/12/2095
4.266 8.10 110.40 23590.00 12739.00 13.59 1.01 112.50 0.00 0:54:27 D/M/Y:31/12/2095
4.268 8.10 110.30 23590.00 12740.00 13.59 1.01 113.09 0.00 0:54:43 D/M/Y:31/12/2095
4.268 8.10 110.30 23590.00 12738.00 13.59 1.01 113.74 0.00 0:54:59 D/M/Y:31/12/2095
4.278 8.10 110.40 23620.00 12756.00 13.60 1.01 112.51 0.00 0:55:14 D/M/Y:31/12/2095
4.274 8.10 110.40 23620.00 12759.00 13.61 1.01 110.90 0.00 0:55:30 D/M/Y:31/12/2095
4.271 8.10 110.30 23640.00 12766.00 13.62 1.01 112.96 0.00 0:55:46 D/M/Y:31/12/2095
4.268 8.10 110.30 23690.00 12795.00 13.65 1.01 113.31 0.00 0:56:2 D/M/Y:31/12/2095
4.268 8.10 110.40 23730.00 12816.00 13.67 1.01 113.55 0.00 0:56:18 D/M/Y:31/12/2095
4.276 8.10 110.20 23700.00 12800.00 13.66 1.01 113.28 0.00 0:56:34 D/M/Y:31/12/2095
4.272 8.10 110.40 23740.00 12820.00 13.68 1.01 113.96 0.00 0:56:50 D/M/Y:31/12/2095
4.275 8.10 110.40 23790.00 12847.00 13.71 1.01 112.96 0.00 0:57:6 D/M/Y:31/12/2095
4.272 8.10 110.30 23800.00 12852.00 13.72 1.01 113.58 0.00 0:57:20 D/M/Y:31/12/2095
4.274 8.10 110.30 23810.00 12862.00 13.73 1.01 112.42 0.00 0:57:36 D/M/Y:31/12/2095
4.270 8.10 110.20 23820.00 12867.00 13.73 1.01 112.43 0.00 0:57:52 D/M/Y:31/12/2095
4.271 8.10 110.30 23800.00 12856.00 13.72 1.01 113.85 0.00 0:58:8 D/M/Y:31/12/2095
4.264 8.10 110.20 23780.00 12845.00 13.71 1.01 113.77 0.00 0:58:24 D/M/Y:31/12/2095
4.270 8.10 110.20 23780.00 12841.00 13.70 1.01 112.59 0.00 0:58:40 D/M/Y:31/12/2095
4.258 8.10 110.40 23690.00 12795.00 13.65 1.01 113.34 0.00 0:58:56 D/M/Y:31/12/2095
4.258 8.10 110.40 23590.00 12742.00 13.59 1.01 110.27 0.00 0:59:12 D/M/Y:31/12/2095
4.258 8.10 110.50 23560.00 12727.00 13.57 1.01 114.43 0.00 0:59:28 D/M/Y:31/12/2095
4.257 8.10 110.50 23540.00 12713.00 13.56 1.01 112.40 0.00 0:59:44 D/M/Y:31/12/2095
4.258 8.10 110.30 23550.00 12720.00 13.56 1.01 112.40 0.00 1:0:0 D/M/Y:31/12/2095
4.251 8.10 110.20 23650.00 12773.00 13.62 1.01 111.22 0.00 1:0:15 D/M/Y:31/12/2095
4.260 8.10 110.20 23680.00 12791.00 13.64 1.01 110.47 0.00 1:0:31 D/M/Y:31/12/2095
4.254 8.10 110.50 23660.00 12780.00 13.63 1.01 112.07 0.00 1:0:47 D/M/Y:31/12/2095
4.249 8.10 110.20 23660.00 12779.00 13.63 1.01 113.46 0.00 1:1:3 D/M/Y:31/12/2095
4.246 8.10 110.30 23670.00 12784.00 13.64 1.01 112.50 0.00 1:1:19 D/M/Y:31/12/2095
4.243 8.10 110.20 23570.00 12728.00 13.57 1.01 112.40 0.00 1:1:35 D/M/Y:31/12/2095
4.237 8.10 110.20 23550.00 12721.00 13.56 1.01 111.80 0.00 1:1:51 D/M/Y:31/12/2095
4.232 8.10 110.10 23560.00 12725.00 13.57 1.01 112.82 0.00 1:2:7 D/M/Y:31/12/2095
4.233 8.10 110.30 23590.00 12741.00 13.59 1.01 112.49 0.00 1:2:24 D/M/Y:31/12/2095
4.234 8.10 110.30 23610.00 12752.00 13.60 1.01 112.95 0.00 1:2:40 D/M/Y:31/12/2095
4.219 8.10 110.20 23640.00 12765.00 13.61 1.01 110.20 0.00 1:2:54 D/M/Y:31/12/2095
4.225 8.10 110.40 23580.00 12736.00 13.58 1.01 112.65 0.00 1:3:10 D/M/Y:31/12/2095
4.225 8.10 110.30 23580.00 12736.00 13.58 1.01 112.97 0.00 1:3:26 D/M/Y:31/12/2095
4.228 8.10 110.20 23590.00 12743.00 13.59 1.01 110.15 0.00 1:3:42 D/M/Y:31/12/2095
4.233 8.10 110.30 23650.00 12776.00 13.63 1.01 112.23 0.00 1:3:58 D/M/Y:31/12/2095
4.233 8.10 110.30 23650.00 12775.00 13.63 1.01 112.37 0.00 1:4:14 D/M/Y:31/12/2095
4.231 8.10 110.30 23680.00 12792.00 13.65 1.01 110.57 0.00 1:4:30 D/M/Y:31/12/2095
4.231 8.10 110.20 23640.00 12770.00 13.62 1.01 112.05 0.00 1:4:46 D/M/Y:31/12/2095
4.223 8.10 110.20 23650.00 12773.00 13.62 1.01 110.59 0.00 1:5:5 D/M/Y:31/12/2095
4.222 8.10 110.20 23640.00 12766.00 13.61 1.01 112.08 0.00 1:5:21 D/M/Y:31/12/2095
4.225 8.10 110.20 23690.00 12797.00 13.65 1.01 112.27 0.00 1:5:37 D/M/Y:31/12/2095
4.223 8.10 110.20 23620.00 12759.00 13.60 1.01 110.32 0.00 1:5:53 D/M/Y:31/12/2095
4.222 8.10 110.10 23630.00 12761.00 13.61 1.01 112.13 0.00 1:6:9 D/M/Y:31/12/2095
4.228 8.10 110.10 23580.00 12733.00 13.57 1.01 112.61 0.00 1:6:25 D/M/Y:31/12/2095
4.219 8.10 110.10 23560.00 12724.00 13.56 1.01 112.72 0.00 1:6:41 D/M/Y:31/12/2095
4.219 8.10 110.20 23570.00 12731.00 13.57 1.01 112.81 0.00 1:6:57 D/M/Y:31/12/2095
4.227 8.10 109.90 23590.00 12740.00 13.58 1.01 112.80 0.00 1:7:13 D/M/Y:31/12/2095
4.222 8.10 110.10 23630.00 12763.00 13.61 1.01 112.09 0.00 1:7:29 D/M/Y:31/12/2095
4.219 8.10 110.20 23660.00 12777.00 13.63 1.01 111.18 0.00 1:7:45 D/M/Y:31/12/2095
4.223 8.10 110.00 23810.00 12859.00 13.72 1.01 111.04 0.00 1:8:1 D/M/Y:31/12/2095
4.229 8.10 110.00 23820.00 12866.00 13.73 1.01 111.58 0.00 1:8:17 D/M/Y:31/12/2095
4.223 8.10 110.10 23800.00 12853.00 13.71 1.01 113.00 0.00 1:8:33 D/M/Y:31/12/2095
4.223 8.10 110.10 23820.00 12866.00 13.73 1.01 112.89 0.00 1:8:47 D/M/Y:31/12/2095
4.222 8.10 110.20 23840.00 12875.00 13.74 1.01 110.28 0.00 1:9:3 D/M/Y:31/12/2095
4.210 8.10 110.10 23840.00 12874.00 13.74 1.01 111.79 0.00 1:9:19 D/M/Y:31/12/2095
4.213 8.10 110.20 23840.00 12874.00 13.74 1.01 111.91 0.00 1:9:36 D/M/Y:31/12/2095
4.216 8.11 110.20 23860.00 12886.00 13.75 1.01 110.90 0.00 1:9:52 D/M/Y:31/12/2095
4.219 8.11 110.10 23850.00 12881.00 13.74 1.01 111.80 0.00 1:10:6 D/M/Y:31/12/2095
4.217 8.10 110.10 23870.00 12894.00 13.76 1.01 113.75 0.00 1:10:22 D/M/Y:31/12/2095
4.213 8.10 110.20 23910.00 12913.00 13.78 1.01 114.11 0.00 1:10:39 D/M/Y:31/12/2095
4.205 8.10 110.00 23890.00 12902.00 13.77 1.01 113.57 0.00 1:10:55 D/M/Y:31/12/2095
4.210 8.10 110.00 23860.00 12888.00 13.75 1.01 114.07 0.00 1:11:11 D/M/Y:31/12/2095
4.206 8.10 110.10 23950.00 12935.00 13.81 1.01 113.33 0.00 1:11:27 D/M/Y:31/12/2095
4.207 8.10 110.00 23950.00 12936.00 13.81 1.01 114.21 0.00 1:11:43 D/M/Y:31/12/2095
4.203 8.10 110.00 24000.00 12963.00 13.84 1.01 113.42 0.00 1:11:59 D/M/Y:31/12/2095
4.207 8.10 109.90 23980.00 12951.00 13.83 1.01 112.89 0.00 1:12:15 D/M/Y:31/12/2095
4.210 8.10 110.10 23980.00 12954.00 13.83 1.01 113.22 0.00 1:12:31 D/M/Y:31/12/2095
4.210 8.11 109.90 23990.00 12959.00 13.83 1.01 112.89 0.00 1:12:47 D/M/Y:31/12/2095
4.217 8.11 110.00 24010.00 12969.00 13.85 1.01 113.38 0.00 1:13:3 D/M/Y:31/12/2095
4.217 8.10 109.90 24060.00 12992.00 13.87 1.01 113.89 0.00 1:13:19 D/M/Y:31/12/2095
4.211 8.11 109.80 23980.00 12954.00 13.83 1.01 113.28 0.00 1:13:35 D/M/Y:31/12/2095
4.211 8.11 109.90 23920.00 12918.00 13.79 1.01 114.62 0.00 1:13:51 D/M/Y:31/12/2095
4.210 8.10 110.00 23930.00 12925.00 13.80 1.01 113.26 0.00 1:14:7 D/M/Y:31/12/2095
4.213 8.10 110.00 23900.00 12909.00 13.78 1.01 112.90 0.00 1:14:23 D/M/Y:31/12/2095
4.217 8.10 110.10 23910.00 12912.00 13.78 1.01 112.57 0.00 1:14:37 D/M/Y:31/12/2095
4.213 8.11 110.00 23910.00 12914.00 13.78 1.01 112.73 0.00 1:14:53 D/M/Y:31/12/2095
4.215 8.10 110.00 24090.00 13012.00 13.90 1.01 113.14 0.00 1:15:10 D/M/Y:31/12/2095
4.216 8.10 110.10 24180.00 13060.00 13.95 1.01 111.83 0.00 1:15:24 D/M/Y:31/12/2095
4.217 8.11 110.10 24170.00 13056.00 13.95 1.01 113.06 0.00 1:15:40 D/M/Y:31/12/2095
4.221 8.10 110.10 24320.00 13136.00 14.04 1.01 111.86 0.00 1:15:56 D/M/Y:31/12/2095
4.217 8.11 110.10 24350.00 13152.00 14.06 1.01 112.96 0.00 1:16:12 D/M/Y:31/12/2095
4.207 8.11 110.00 24470.00 13216.00 14.13 1.01 113.41 0.00 1:16:28 D/M/Y:31/12/2095
4.212 8.11 110.10 24480.00 13222.00 14.14 1.01 113.37 0.00 1:16:44 D/M/Y:31/12/2095
4.216 8.11 110.10 24440.00 13202.00 14.12 1.01 111.28 0.00 1:17:0 D/M/Y:31/12/2095
4.223 8.11 110.10 24440.00 13200.00 14.11 1.01 112.27 0.00 1:17:16 D/M/Y:31/12/2095
4.221 8.11 110.10 24520.00 13242.00 14.16 1.01 112.56 0.00 1:17:32 D/M/Y:31/12/2095
4.219 8.11 110.10 24570.00 13269.00 14.19 1.01 111.15 0.00 1:17:48 D/M/Y:31/12/2095
4.217 8.11 110.10 24510.00 13237.00 14.16 1.01 110.81 0.00 1:18:5 D/M/Y:31/12/2095
4.215 8.11 110.10 24480.00 13221.00 14.14 1.01 111.23 0.00 1:18:21 D/M/Y:31/12/2095
4.215 8.11 110.20 24360.00 13158.00 14.06 1.01 113.16 0.00 1:18:37 D/M/Y:31/12/2095
4.217 8.11 110.20 24470.00 13214.00 14.13 1.01 112.74 0.00 1:18:53 D/M/Y:31/12/2095
4.223 8.11 110.20 24510.00 13238.00 14.16 1.01 112.36 0.00 1:19:9 D/M/Y:31/12/2095
4.230 8.11 110.10 24530.00 13247.00 14.17 1.01 112.79 0.00 1:19:25 D/M/Y:31/12/2095
4.231 8.11 110.30 24520.00 13242.00 14.16 1.01 111.32 0.00 1:19:41 D/M/Y:31/12/2095
4.237 8.11 110.30 24600.00 13287.00 14.21 1.01 111.82 0.00 1:19:57 D/M/Y:31/12/2095
4.239 8.11 110.20 24700.00 13342.00 14.28 1.01 112.08 0.00 1:20:12 D/M/Y:31/12/2095
4.246 8.11 110.20 24740.00 13364.00 14.31 1.01 110.74 0.00 1:20:28 D/M/Y:31/12/2095
4.247 8.11 110.20 24830.00 13411.00 14.36 1.01 111.83 0.00 1:20:44 D/M/Y:31/12/2095
4.241 8.11 110.10 24790.00 13390.00 14.34 1.01 112.53 0.00 1:21:0 D/M/Y:31/12/2095
4.239 8.11 110.20 24970.00 13483.00 14.44 1.01 111.65 0.00 1:21:14 D/M/Y:31/12/2095
4.298 8.11 110.10 25060.00 13532.00 14.50 1.01 112.16 0.00 1:21:30 D/M/Y:31/12/2095
4.168 8.11 110.30 25010.00 13507.00 14.47 1.01 110.99 0.00 1:21:46 D/M/Y:31/12/2095
4.181 8.11 110.30 24950.00 13477.00 14.44 1.01 111.23 0.00 1:22:2 D/M/Y:31/12/2095
4.187 8.11 110.20 24830.00 13413.00 14.36 1.01 112.83 0.00 1:22:18 D/M/Y:31/12/2095
4.193 8.11 110.20 24790.00 13391.00 14.34 1.01 110.79 0.00 1:22:34 D/M/Y:31/12/2095
4.201 8.11 110.20 24780.00 13385.00 14.33 1.01 112.74 0.00 1:22:50 D/M/Y:31/12/2095
4.204 8.11 110.00 24770.00 13376.00 14.32 1.01 113.09 0.00 1:23:6 D/M/Y:31/12/2095
4.203 8.11 110.10 24740.00 13362.00 14.30 1.01 112.86 0.00 1:23:22 D/M/Y:31/12/2095
4.200 8.11 110.00 24720.00 13352.00 14.29 1.01 111.29 0.00 1:23:38 D/M/Y:31/12/2095
4.201 8.11 110.10 24680.00 13331.00 14.27 1.01 111.63 0.00 1:23:54 D/M/Y:31/12/2095
4.200 8.11 110.30 24620.00 13299.00 14.23 1.01 112.26 0.00 1:24:10 D/M/Y:31/12/2095
4.219 8.11 110.10 24650.00 13315.00 14.25 1.01 111.75 0.00 1:24:26 D/M/Y:31/12/2095
4.207 8.11 110.20 24630.00 13300.00 14.23 1.01 110.63 0.00 1:24:42 D/M/Y:31/12/2095
4.198 8.11 110.20 24640.00 13305.00 14.24 1.01 111.73 0.00 1:24:58 D/M/Y:31/12/2095
4.211 8.11 110.10 24670.00 13324.00 14.26 1.01 111.66 0.00 1:25:13 D/M/Y:31/12/2095
4.203 8.11 110.20 24750.00 13366.00 14.30 1.01 108.88 0.00 1:25:29 D/M/Y:31/12/2095
4.217 8.11 110.20 24760.00 13375.00 14.31 1.01 111.49 0.00 1:25:45 D/M/Y:31/12/2095
4.221 8.11 110.30 24980.00 13493.00 14.45 1.01 113.10 0.00 1:26:1 D/M/Y:31/12/2095
4.223 8.11 110.30 25110.00 13562.00 14.53 1.01 111.62 0.00 1:26:18 D/M/Y:31/12/2095
4.225 8.11 110.20 25020.00 13515.00 14.48 1.01 112.63 0.00 1:26:34 D/M/Y:31/12/2095
4.223 8.11 110.00 25030.00 13517.00 14.48 1.01 112.28 0.00 1:26:48 D/M/Y:31/12/2095
4.218 8.11 110.20 25090.00 13549.00 14.52 1.01 111.77 0.00 1:27:4 D/M/Y:31/12/2095
4.212 8.12 110.20 25030.00 13516.00 14.48 1.01 111.90 0.00 1:27:20 D/M/Y:31/12/2095
4.207 8.12 110.10 24990.00 13499.00 14.46 1.01 113.34 0.00 1:27:36 D/M/Y:31/12/2095
4.206 8.11 110.10 25050.00 13529.00 14.49 1.01 112.73 0.00 1:27:52 D/M/Y:31/12/2095
4.204 8.12 110.00 24920.00 13460.00 14.41 1.01 113.55 0.00 1:28:8 D/M/Y:31/12/2095
4.203 8.12 110.00 25000.00 13501.00 14.46 1.01 111.56 0.00 1:28:24 D/M/Y:31/12/2095
4.206 8.12 110.00 24950.00 13476.00 14.43 1.01 111.78 0.00 1:28:40 D/M/Y:31/12/2095
4.200 8.12 110.00 24950.00 13475.00 14.43 1.01 111.69 0.00 1:28:56 D/M/Y:31/12/2095
4.198 8.11 110.00 24850.00 13422.00 14.37 1.01 112.51 0.00 1:29:12 D/M/Y:31/12/2095
4.195 8.11 110.10 25050.00 13528.00 14.49 1.01 111.75 0.00 1:29:28 D/M/Y:31/12/2095
4.193 8.12 110.10 25040.00 13524.00 14.49 1.01 112.27 0.00 1:29:44 D/M/Y:31/12/2095
4.192 8.12 110.10 25100.00 13554.00 14.52 1.01 112.98 0.00 1:30:0 D/M/Y:31/12/2095
