

TEMP PH ORP EC TDS SAL SG DO SAT TIME
20.049 3.99 147.80 0.00 0.00 0.00 1.00 9.19 101.20 8:31:28 D/M/Y:18/10/2017
20.210 3.99 153.30 0.00 0.00 0.00 1.00 9.46 104.20 8:36:28 D/M/Y:18/10/2017
20.361 3.98 158.30 0.00 0.00 0.00 1.00 9.46 104.50 8:41:29 D/M/Y:18/10/2017
20.609 3.99 165.80 0.00 0.00 0.00 1.00 9.27 103.30 8:46:29 D/M/Y:18/10/2017
20.623 3.99 174.20 0.00 0.00 0.00 1.00 9.16 102.00 8:51:30 D/M/Y:18/10/2017
20.597 3.99 181.90 0.00 0.00 0.00 1.00 9.48 105.50 8:56:31 D/M/Y:18/10/2017
20.913 3.99 185.60 0.00 0.00 0.00 1.00 9.12 102.10 9:1:31 D/M/Y:18/10/2017
21.130 4.00 189.30 0.00 0.00 0.00 1.00 9.32 104.80 9:6:32 D/M/Y:18/10/2017
20.292 3.99 192.30 0.00 0.00 0.00 1.00 9.16 102.00 9:11:33 D/M/Y:18/10/2017
18.485 3.96 196.80 0.00 0.00 0.00 1.00 9.47 101.00 9:16:33 D/M/Y:18/10/2017
18.879 3.96 199.80 0.00 0.00 0.00 1.00 9.51 102.20 9:21:34 D/M/Y:18/10/2017
11.417 3.88 200.40 0.00 0.00 0.00 1.00 10.32 94.50 9:26:35 D/M/Y:18/10/2017
12.360 3.90 203.90 0.00 0.00 0.00 1.00 11.21 104.90 9:31:35 D/M/Y:18/10/2017
13.494 3.92 202.40 0.00 0.00 0.00 1.00 11.18 107.30 9:36:36 D/M/Y:18/10/2017
15.626 3.95 206.80 0.00 0.00 0.00 1.00 10.97 110.20 9:41:37 D/M/Y:18/10/2017
15.134 3.94 207.40 0.00 0.00 0.00 1.00 10.74 106.90 9:46:37 D/M/Y:18/10/2017
16.905 3.96 203.40 0.00 0.00 0.00 1.00 10.48 108.20 9:51:38 D/M/Y:18/10/2017
16.930 3.97 204.80 0.00 0.00 0.00 1.00 10.30 106.40 9:56:39 D/M/Y:18/10/2017
17.143 3.97 205.90 0.00 0.00 0.00 1.00 10.14 104.80 10:1:39 D/M/Y:18/10/2017
17.018 3.97 206.90 0.00 0.00 0.00 1.00 10.23 105.90 10:6:40 D/M/Y:18/10/2017
16.988 3.97 207.60 0.00 0.00 0.00 1.00 10.11 104.60 10:11:41 D/M/Y:18/10/2017
16.958 3.97 208.70 0.00 0.00 0.00 1.00 10.22 105.70 10:16:41 D/M/Y:18/10/2017
16.930 3.98 209.50 0.00 0.00 0.00 1.00 10.20 105.40 10:21:42 D/M/Y:18/10/2017
16.821 3.97 210.20 0.00 0.00 0.00 1.00 10.23 105.70 10:26:43 D/M/Y:18/10/2017
16.991 3.97 210.80 0.00 0.00 0.00 1.00 10.18 105.40 10:31:43 D/M/Y:18/10/2017
16.961 3.97 211.30 0.00 0.00 0.00 1.00 10.13 104.80 10:36:44 D/M/Y:18/10/2017
16.977 3.97 212.10 0.00 0.00 0.00 1.00 10.07 104.20 10:41:45 D/M/Y:18/10/2017
16.830 3.97 212.40 0.00 0.00 0.00 1.00 10.04 103.80 10:46:45 D/M/Y:18/10/2017
16.798 3.97 213.10 0.00 0.00 0.00 1.00 10.08 103.90 10:51:46 D/M/Y:18/10/2017
16.802 3.97 213.70 0.00 0.00 0.00 1.00 10.03 103.40 10:56:47 D/M/Y:18/10/2017
16.995 3.98 214.00 0.00 0.00 0.00 1.00 9.98 103.30 11:1:47 D/M/Y:18/10/2017
16.845 3.98 214.60 0.00 0.00 0.00 1.00 10.03 103.80 11:6:48 D/M/Y:18/10/2017
16.819 3.97 215.10 0.00 0.00 0.00 1.00 9.99 103.00 11:11:49 D/M/Y:18/10/2017
16.819 3.97 215.60 0.00 0.00 0.00 1.00 10.00 103.10 11:16:49 D/M/Y:18/10/2017
16.819 3.97 216.10 0.00 0.00 0.00 1.00 10.06 103.70 11:21:50 D/M/Y:18/10/2017
16.789 3.97 216.60 0.00 0.00 0.00 1.00 10.01 103.10 11:26:51 D/M/Y:18/10/2017
16.601 3.97 217.40 0.00 0.00 0.00 1.00 10.06 103.20 11:31:51 D/M/Y:18/10/2017
16.582 3.97 217.70 0.00 0.00 0.00 1.00 9.90 101.60 11:36:52 D/M/Y:18/10/2017
16.413 3.97 218.40 0.00 0.00 0.00 1.00 10.04 102.90 11:41:53 D/M/Y:18/10/2017
16.385 3.97 218.80 0.00 0.00 0.00 1.00 10.05 102.70 11:46:53 D/M/Y:18/10/2017
16.356 3.96 219.40 0.00 0.00 0.00 1.00 10.14 103.50 11:51:54 D/M/Y:18/10/2017
16.304 3.97 219.90 0.00 0.00 0.00 1.00 9.98 101.80 11:56:55 D/M/Y:18/10/2017
16.255 3.97 220.50 0.00 0.00 0.00 1.00 9.94 101.30 12:1:56 D/M/Y:18/10/2017
16.123 3.96 220.90 0.00 0.00 0.00 1.00 9.99 101.50 12:6:56 D/M/Y:18/10/2017
16.123 3.97 221.70 0.00 0.00 0.00 1.00 9.95 101.10 12:11:57 D/M/Y:18/10/2017
16.106 3.96 222.00 0.00 0.00 0.00 1.00 10.12 102.70 12:16:58 D/M/Y:18/10/2017
16.080 3.96 222.50 0.00 0.00 0.00 1.00 10.15 103.10 12:21:58 D/M/Y:18/10/2017
16.246 3.96 223.30 0.00 0.00 0.00 1.00 10.13 102.90 12:26:59 D/M/Y:18/10/2017
15.979 3.96 223.90 0.00 0.00 0.00 1.00 10.06 101.90 12:32:0 D/M/Y:18/10/2017
15.966 3.96 224.70 0.00 0.00 0.00 1.00 10.30 104.30 12:37:0 D/M/Y:18/10/2017
15.819 3.96 225.60 0.00 0.00 0.00 1.00 10.16 102.50 12:42:1 D/M/Y:18/10/2017
15.807 3.96 226.60 0.00 0.00 0.00 1.00 10.20 103.00 12:47:2 D/M/Y:18/10/2017
15.819 3.96 228.10 0.00 0.00 0.00 1.00 10.14 102.30 12:52:2 D/M/Y:18/10/2017
15.791 3.95 229.00 0.00 0.00 0.00 1.00 10.15 102.40 12:57:3 D/M/Y:18/10/2017
15.767 3.95 230.40 0.00 0.00 0.00 1.00 10.32 104.00 13:2:4 D/M/Y:18/10/2017
15.754 3.95 231.90 0.00 0.00 0.00 1.00 10.17 102.50 13:7:4 D/M/Y:18/10/2017
15.752 3.95 233.40 0.00 0.00 0.00 1.00 10.25 103.30 13:12:5 D/M/Y:18/10/2017
15.606 3.94 235.10 0.00 0.00 0.00 1.00 10.17 102.20 13:17:6 D/M/Y:18/10/2017
15.612 3.94 236.80 0.00 0.00 0.00 1.00 10.31 103.60 13:22:6 D/M/Y:18/10/2017
15.639 3.94 238.50 0.00 0.00 0.00 1.00 10.21 102.70 13:27:7 D/M/Y:18/10/2017
15.626 3.94 239.80 0.00 0.00 0.00 1.00 10.23 102.90 13:32:8 D/M/Y:18/10/2017
15.615 3.94 240.90 0.00 0.00 0.00 1.00 10.22 102.70 13:37:9 D/M/Y:18/10/2017
15.581 3.94 242.30 0.00 0.00 0.00 1.00 10.33 103.80 13:42:9 D/M/Y:18/10/2017
15.589 3.94 243.30 0.00 0.00 0.00 1.00 10.24 102.90 13:47:10 D/M/Y:18/10/2017
15.603 3.94 244.50 0.00 0.00 0.00 1.00 10.24 102.90 13:52:11 D/M/Y:18/10/2017
15.754 3.94 245.50 0.00 0.00 0.00 1.00 10.13 102.10 13:57:11 D/M/Y:18/10/2017
15.798 3.94 246.50 0.00 0.00 0.00 1.00 10.06 101.40 14:2:12 D/M/Y:18/10/2017
15.844 3.94 247.30 0.00 0.00 0.00 1.00 10.17 102.60 14:7:13 D/M/Y:18/10/2017
16.136 3.95 247.70 0.00 0.00 0.00 1.00 10.03 101.90 14:12:13 D/M/Y:18/10/2017
16.329 3.95 248.40 0.00 0.00 0.00 1.00 9.93 101.30 14:17:14 D/M/Y:18/10/2017
16.683 3.96 249.00 0.00 0.00 0.00 1.00 9.87 101.50 14:22:15 D/M/Y:18/10/2017
17.281 3.96 249.20 0.00 0.00 0.00 1.00 9.86 102.70 14:27:15 D/M/Y:18/10/2017
18.298 3.97 249.40 0.00 0.00 0.00 1.00 9.74 103.50 14:32:16 D/M/Y:18/10/2017
19.435 3.99 249.50 0.00 0.00 0.00 1.00 9.69 105.50 14:37:17 D/M/Y:18/10/2017
19.956 3.99 249.00 0.00 0.00 0.00 1.00 9.68 106.40 14:42:18 D/M/Y:18/10/2017
20.151 3.99 248.50 0.00 0.00 0.00 1.00 9.60 105.90 14:47:18 D/M/Y:18/10/2017
20.152 3.99 248.20 0.00 0.00 0.00 1.00 9.44 104.20 14:52:19 D/M/Y:18/10/2017
20.321 3.98 247.80 0.00 0.00 0.00 1.00 9.39 103.60 14:57:20 D/M/Y:18/10/2017
20.898 3.99 247.50 0.00 0.00 0.00 1.00 9.36 104.80 15:2:20 D/M/Y:18/10/2017
20.930 3.99 247.30 0.00 0.00 0.00 1.00 9.34 104.70 15:7:21 D/M/Y:18/10/2017
20.597 3.99 247.50 0.00 0.00 0.00 1.00 9.09 101.20 15:12:22 D/M/Y:18/10/2017
20.419 3.98 247.30 0.00 0.00 0.00 1.00 9.32 103.40 15:17:22 D/M/Y:18/10/2017
20.739 3.98 246.80 0.00 0.00 0.00 1.00 9.33 104.20 15:22:23 D/M/Y:18/10/2017
20.464 3.98 246.80 0.00 0.00 0.00 1.00 9.23 102.50 15:27:24 D/M/Y:18/10/2017
20.434 3.97 246.60 0.00 0.00 0.00 1.00 9.10 100.90 15:32:25 D/M/Y:18/10/2017
20.808 3.98 246.50 0.00 0.00 0.00 1.00 9.26 103.50 15:37:25 D/M/Y:18/10/2017
20.467 3.98 246.30 0.00 0.00 0.00 1.00 9.20 102.20 15:42:26 D/M/Y:18/10/2017
20.430 3.98 246.10 0.00 0.00 0.00 1.00 9.23 102.50 15:47:27 D/M/Y:18/10/2017
20.407 3.97 245.80 0.00 0.00 0.00 1.00 9.30 103.20 15:52:27 D/M/Y:18/10/2017
20.405 3.97 245.40 0.00 0.00 0.00 1.00 9.19 101.90 15:57:28 D/M/Y:18/10/2017
20.037 3.97 245.00 0.00 0.00 0.00 1.00 9.22 101.50 16:2:29 D/M/Y:18/10/2017
20.696 3.98 244.60 0.00 0.00 0.00 1.00 9.28 103.50 16:7:29 D/M/Y:18/10/2017
20.684 3.98 243.90 0.00 0.00 0.00 1.00 9.18 102.30 16:12:30 D/M/Y:18/10/2017
19.948 3.97 243.00 0.00 0.00 0.00 1.00 9.34 102.60 16:17:31 D/M/Y:18/10/2017
19.597 3.97 242.70 0.00 0.00 0.00 1.00 9.42 102.70 16:22:31 D/M/Y:18/10/2017
19.601 3.97 242.30 0.00 0.00 0.00 1.00 9.30 101.50 16:27:32 D/M/Y:18/10/2017
20.027 3.97 241.70 0.00 0.00 0.00 1.00 9.09 100.10 16:32:33 D/M/Y:18/10/2017
19.781 3.97 241.50 0.00 0.00 0.00 1.00 9.28 101.70 16:37:33 D/M/Y:18/10/2017
20.060 3.98 241.00 0.00 0.00 0.00 1.00 9.36 103.00 16:42:34 D/M/Y:18/10/2017
20.885 3.98 240.60 0.00 0.00 0.00 1.00 9.12 102.00 16:47:35 D/M/Y:18/10/2017
20.424 3.98 239.90 0.00 0.00 0.00 1.00 9.21 102.20 16:52:36 D/M/Y:18/10/2017
19.679 3.97 239.70 0.00 0.00 0.00 1.00 9.14 99.90 16:57:36 D/M/Y:18/10/2017
18.962 3.96 239.50 0.00 0.00 0.00 1.00 9.19 99.00 17:2:37 D/M/Y:18/10/2017
18.954 3.96 239.60 0.00 0.00 0.00 1.00 9.45 101.80 17:7:38 D/M/Y:18/10/2017
19.403 3.97 238.80 0.00 0.00 0.00 1.00 9.50 103.20 17:12:38 D/M/Y:18/10/2017
19.914 3.97 238.50 0.00 0.00 0.00 1.00 9.34 102.60 17:17:39 D/M/Y:18/10/2017
20.071 3.98 238.20 0.00 0.00 0.00 1.00 9.14 100.60 17:22:40 D/M/Y:18/10/2017
20.072 3.98 238.00 0.00 0.00 0.00 1.00 9.15 100.70 17:27:40 D/M/Y:18/10/2017
20.079 3.98 237.70 0.00 0.00 0.00 1.00 9.27 102.10 17:32:41 D/M/Y:18/10/2017
20.077 3.98 237.30 0.00 0.00 0.00 1.00 9.30 102.40 17:37:42 D/M/Y:18/10/2017
20.052 3.98 236.70 0.00 0.00 0.00 1.00 9.22 101.50 17:42:42 D/M/Y:18/10/2017
20.046 3.98 235.90 0.00 0.00 0.00 1.00 9.25 101.90 17:47:43 D/M/Y:18/10/2017
20.069 3.98 235.10 0.00 0.00 0.00 1.00 9.08 100.00 17:52:44 D/M/Y:18/10/2017
20.213 3.98 234.60 0.00 0.00 0.00 1.00 9.11 100.30 17:57:44 D/M/Y:18/10/2017
20.211 3.98 233.90 0.00 0.00 0.00 1.00 8.98 99.10 18:2:45 D/M/Y:18/10/2017
20.181 3.98 233.20 0.00 0.00 0.00 1.00 9.24 102.10 18:7:46 D/M/Y:18/10/2017
20.021 3.98 232.40 0.00 0.00 0.00 1.00 9.02 99.60 18:12:46 D/M/Y:18/10/2017
20.022 3.98 231.90 0.00 0.00 0.00 1.00 9.09 100.00 18:17:47 D/M/Y:18/10/2017
20.020 3.98 231.00 0.00 0.00 0.00 1.00 9.31 102.50 18:22:48 D/M/Y:18/10/2017
20.029 3.98 230.30 0.00 0.00 0.00 1.00 9.35 102.90 18:27:49 D/M/Y:18/10/2017
20.039 3.98 229.80 0.00 0.00 0.00 1.00 9.27 102.00 18:32:49 D/M/Y:18/10/2017
20.017 3.98 228.90 0.00 0.00 0.00 1.00 9.29 102.20 18:37:50 D/M/Y:18/10/2017
20.018 3.98 228.20 0.00 0.00 0.00 1.00 9.32 102.60 18:42:51 D/M/Y:18/10/2017
20.021 3.98 227.20 0.00 0.00 0.00 1.00 9.31 102.40 18:47:51 D/M/Y:18/10/2017
20.025 3.98 226.50 0.00 0.00 0.00 1.00 9.29 102.20 18:52:52 D/M/Y:18/10/2017
19.987 3.98 225.30 0.00 0.00 0.00 1.00 9.34 102.80 18:57:53 D/M/Y:18/10/2017
20.000 3.98 224.60 0.00 0.00 0.00 1.00 9.31 102.40 19:2:53 D/M/Y:18/10/2017
20.016 3.98 223.80 0.00 0.00 0.00 1.00 9.30 102.30 19:7:54 D/M/Y:18/10/2017
20.009 3.98 223.00 0.00 0.00 0.00 1.00 9.27 102.00 19:12:55 D/M/Y:18/10/2017
20.003 3.98 222.00 0.00 0.00 0.00 1.00 9.10 100.10 19:17:55 D/M/Y:18/10/2017
19.988 3.98 221.10 0.00 0.00 0.00 1.00 9.39 103.30 19:22:56 D/M/Y:18/10/2017
19.982 3.98 220.10 0.00 0.00 0.00 1.00 9.14 100.50 19:27:57 D/M/Y:18/10/2017
19.976 3.98 219.40 0.00 0.00 0.00 1.00 9.22 101.40 19:32:57 D/M/Y:18/10/2017
19.953 3.98 218.10 0.00 0.00 0.00 1.00 9.36 102.80 19:37:58 D/M/Y:18/10/2017
19.943 3.98 217.30 0.00 0.00 0.00 1.00 9.25 101.70 19:42:59 D/M/Y:18/10/2017
19.905 3.98 216.50 0.00 0.00 0.00 1.00 9.33 102.50 19:47:59 D/M/Y:18/10/2017
19.892 3.98 215.70 0.00 0.00 0.00 1.00 9.35 102.70 19:53:0 D/M/Y:18/10/2017
19.868 3.98 214.80 0.00 0.00 0.00 1.00 9.22 101.10 19:58:1 D/M/Y:18/10/2017
19.788 3.98 214.20 0.00 0.00 0.00 1.00 9.40 103.10 20:3:1 D/M/Y:18/10/2017
19.774 3.98 213.20 0.00 0.00 0.00 1.00 9.43 103.20 20:8:2 D/M/Y:18/10/2017
19.777 3.98 212.20 0.00 0.00 0.00 1.00 9.15 100.20 20:13:3 D/M/Y:18/10/2017
19.751 3.98 211.40 0.00 0.00 0.00 1.00 9.21 100.80 20:18:3 D/M/Y:18/10/2017
19.720 3.98 210.60 0.00 0.00 0.00 1.00 9.46 103.50 20:23:4 D/M/Y:18/10/2017
19.705 3.98 209.80 0.00 0.00 0.00 1.00 9.39 102.70 20:28:5 D/M/Y:18/10/2017
19.541 3.98 208.90 0.00 0.00 0.00 1.00 9.45 103.30 20:33:5 D/M/Y:18/10/2017
19.561 3.98 208.00 0.00 0.00 0.00 1.00 9.46 103.20 20:38:6 D/M/Y:18/10/2017
19.563 3.98 207.30 0.00 0.00 0.00 1.00 9.42 102.70 20:43:7 D/M/Y:18/10/2017
19.562 3.98 206.30 0.00 0.00 0.00 1.00 9.22 100.60 20:48:7 D/M/Y:18/10/2017
19.559 3.98 205.60 0.00 0.00 0.00 1.00 9.26 101.00 20:53:8 D/M/Y:18/10/2017
19.559 3.98 205.00 0.00 0.00 0.00 1.00 9.37 102.20 20:58:9 D/M/Y:18/10/2017
19.547 3.98 204.30 0.00 0.00 0.00 1.00 9.45 103.00 21:3:9 D/M/Y:18/10/2017
19.539 3.98 203.60 0.00 0.00 0.00 1.00 9.28 101.20 21:8:10 D/M/Y:18/10/2017
19.536 3.98 202.90 0.00 0.00 0.00 1.00 9.43 102.80 21:13:11 D/M/Y:18/10/2017
19.529 3.98 202.20 0.00 0.00 0.00 1.00 9.38 102.30 21:18:11 D/M/Y:18/10/2017
19.528 3.98 201.40 0.00 0.00 0.00 1.00 9.33 101.70 21:23:12 D/M/Y:18/10/2017
19.545 3.98 200.80 0.00 0.00 0.00 1.00 9.37 102.10 21:28:13 D/M/Y:18/10/2017
19.568 3.98 200.20 0.00 0.00 0.00 1.00 9.34 101.80 21:33:13 D/M/Y:18/10/2017
19.558 3.98 199.40 0.00 0.00 0.00 1.00 9.39 102.30 21:38:14 D/M/Y:18/10/2017
19.545 3.99 199.00 0.00 0.00 0.00 1.00 9.37 102.10 21:43:15 D/M/Y:18/10/2017
19.545 3.98 198.20 0.00 0.00 0.00 1.00 9.26 100.90 21:48:15 D/M/Y:18/10/2017
19.530 3.98 197.60 0.00 0.00 0.00 1.00 9.33 101.70 21:53:16 D/M/Y:18/10/2017
19.520 3.98 197.00 0.00 0.00 0.00 1.00 9.29 101.20 21:58:17 D/M/Y:18/10/2017
19.505 3.98 196.50 0.00 0.00 0.00 1.00 9.38 102.20 22:3:17 D/M/Y:18/10/2017
19.488 3.98 196.20 0.00 0.00 0.00 1.00 9.21 100.30 22:8:18 D/M/Y:18/10/2017
19.485 3.98 195.40 0.00 0.00 0.00 1.00 9.18 100.00 22:13:19 D/M/Y:18/10/2017
19.480 3.98 194.70 0.00 0.00 0.00 1.00 9.22 100.40 22:18:19 D/M/Y:18/10/2017
19.457 3.98 194.10 0.00 0.00 0.00 1.00 9.31 101.30 22:23:20 D/M/Y:18/10/2017
19.432 3.98 193.80 0.00 0.00 0.00 1.00 9.35 101.70 22:28:21 D/M/Y:18/10/2017
19.412 3.98 193.40 0.00 0.00 0.00 1.00 9.27 100.80 22:33:21 D/M/Y:18/10/2017
19.259 3.98 192.70 0.00 0.00 0.00 1.00 9.46 102.80 22:38:22 D/M/Y:18/10/2017
19.278 3.98 192.20 0.00 0.00 0.00 1.00 9.36 101.40 22:43:23 D/M/Y:18/10/2017
19.297 3.98 191.70 0.00 0.00 0.00 1.00 9.38 101.80 22:48:23 D/M/Y:18/10/2017
19.317 3.98 191.50 0.00 0.00 0.00 1.00 9.49 102.90 22:53:24 D/M/Y:18/10/2017
19.322 3.98 190.90 0.00 0.00 0.00 1.00 9.40 102.00 22:58:25 D/M/Y:18/10/2017
19.322 3.98 190.20 0.00 0.00 0.00 1.00 9.29 100.80 23:3:25 D/M/Y:18/10/2017
19.317 3.98 189.80 0.00 0.00 0.00 1.00 9.31 101.10 23:8:26 D/M/Y:18/10/2017
19.323 3.98 189.40 0.00 0.00 0.00 1.00 9.42 102.30 23:13:27 D/M/Y:18/10/2017
19.315 3.98 188.70 0.00 0.00 0.00 1.00 9.43 102.30 23:18:27 D/M/Y:18/10/2017
19.316 3.98 188.40 0.00 0.00 0.00 1.00 9.43 102.30 23:23:28 D/M/Y:18/10/2017
19.319 3.98 188.00 0.00 0.00 0.00 1.00 9.39 101.80 23:28:29 D/M/Y:18/10/2017
19.313 3.98 187.60 0.00 0.00 0.00 1.00 9.30 100.90 23:33:29 D/M/Y:18/10/2017
19.310 3.98 187.00 0.00 0.00 0.00 1.00 9.38 101.80 23:38:30 D/M/Y:18/10/2017
19.308 3.98 186.40 0.00 0.00 0.00 1.00 9.39 101.90 23:43:31 D/M/Y:18/10/2017
19.295 3.98 185.70 0.00 0.00 0.00 1.00 9.43 102.30 23:48:31 D/M/Y:18/10/2017
19.296 3.98 185.20 0.00 0.00 0.00 1.00 9.26 100.40 23:53:32 D/M/Y:18/10/2017
19.283 3.98 184.70 0.00 0.00 0.00 1.00 9.37 101.60 23:58:33 D/M/Y:18/10/2017
19.263 3.98 184.20 0.00 0.00 0.00 1.00 9.38 101.70 0:3:33 D/M/Y:19/10/2017
19.247 3.98 183.60 0.00 0.00 0.00 1.00 9.38 101.70 0:8:34 D/M/Y:19/10/2017
19.227 3.98 183.00 0.00 0.00 0.00 1.00 9.39 101.70 0:13:35 D/M/Y:19/10/2017
19.088 3.98 182.30 0.00 0.00 0.00 1.00 9.42 102.00 0:18:35 D/M/Y:19/10/2017
19.089 3.98 181.70 0.00 0.00 0.00 1.00 9.40 101.50 0:23:36 D/M/Y:19/10/2017
19.084 3.98 181.20 0.00 0.00 0.00 1.00 9.42 101.70 0:28:37 D/M/Y:19/10/2017
18.886 3.98 180.70 0.00 0.00 0.00 1.00 9.40 101.50 0:33:37 D/M/Y:19/10/2017
18.923 3.98 180.20 0.00 0.00 0.00 1.00 9.40 101.20 0:38:38 D/M/Y:19/10/2017
18.932 3.98 179.60 0.00 0.00 0.00 1.00 9.50 102.20 0:43:39 D/M/Y:19/10/2017
18.915 3.98 179.00 0.00 0.00 0.00 1.00 9.42 101.40 0:48:39 D/M/Y:19/10/2017
18.766 3.98 178.40 0.00 0.00 0.00 1.00 9.37 100.80 0:53:40 D/M/Y:19/10/2017
18.767 3.98 178.10 0.00 0.00 0.00 1.00 9.49 101.80 0:58:41 D/M/Y:19/10/2017
18.735 3.98 177.50 0.00 0.00 0.00 1.00 9.46 101.50 1:3:41 D/M/Y:19/10/2017
18.600 3.98 177.00 0.00 0.00 0.00 1.00 9.50 101.60 1:8:42 D/M/Y:19/10/2017
18.580 3.98 176.50 0.00 0.00 0.00 1.00 9.39 100.30 1:13:43 D/M/Y:19/10/2017
18.556 3.98 176.10 0.00 0.00 0.00 1.00 9.44 100.90 1:18:43 D/M/Y:19/10/2017
18.356 3.98 175.60 0.00 0.00 0.00 1.00 9.55 102.00 1:23:44 D/M/Y:19/10/2017
18.494 3.97 175.30 0.00 0.00 0.00 1.00 9.47 100.70 1:28:45 D/M/Y:19/10/2017
18.295 3.98 174.60 0.00 0.00 0.00 1.00 9.53 101.30 1:33:45 D/M/Y:19/10/2017
18.259 3.98 174.10 0.00 0.00 0.00 1.00 9.71 103.20 1:38:46 D/M/Y:19/10/2017
18.109 3.98 173.70 0.00 0.00 0.00 1.00 9.73 103.00 1:43:47 D/M/Y:19/10/2017
17.940 3.98 173.30 0.00 0.00 0.00 1.00 9.59 101.50 1:48:47 D/M/Y:19/10/2017
17.918 3.98 173.00 0.00 0.00 0.00 1.00 9.75 102.80 1:53:48 D/M/Y:19/10/2017
17.773 3.97 172.70 0.00 0.00 0.00 1.00 9.73 102.30 1:58:49 D/M/Y:19/10/2017
17.626 3.97 172.10 0.00 0.00 0.00 1.00 9.59 100.50 2:3:49 D/M/Y:19/10/2017
17.464 3.97 171.80 0.00 0.00 0.00 1.00 9.83 102.70 2:8:50 D/M/Y:19/10/2017
17.294 3.97 171.40 0.00 0.00 0.00 1.00 9.84 102.50 2:13:51 D/M/Y:19/10/2017
17.140 3.97 170.70 0.00 0.00 0.00 1.00 9.95 103.30 2:18:51 D/M/Y:19/10/2017
16.902 3.97 170.30 0.00 0.00 0.00 1.00 10.09 104.20 2:23:52 D/M/Y:19/10/2017
16.433 3.97 169.80 0.00 0.00 0.00 1.00 10.48 107.20 2:28:53 D/M/Y:19/10/2017
15.581 3.96 169.70 0.00 0.00 0.00 1.00 10.54 105.80 2:33:53 D/M/Y:19/10/2017
14.043 3.95 169.40 0.00 0.00 0.00 1.00 10.94 106.30 2:38:54 D/M/Y:19/10/2017
13.095 3.94 169.60 0.00 0.00 0.00 1.00 10.95 104.10 2:43:55 D/M/Y:19/10/2017
13.109 3.95 170.70 0.00 0.00 0.00 1.00 10.83 103.10 2:48:55 D/M/Y:19/10/2017
12.905 3.95 171.50 0.00 0.00 0.00 1.00 11.08 104.90 2:53:56 D/M/Y:19/10/2017
12.902 3.96 172.30 0.00 0.00 0.00 1.00 11.12 105.30 2:58:57 D/M/Y:19/10/2017
12.904 3.96 172.60 0.00 0.00 0.00 1.00 11.04 104.60 3:3:57 D/M/Y:19/10/2017
12.942 3.96 173.30 0.00 0.00 0.00 1.00 11.07 104.90 3:8:58 D/M/Y:19/10/2017
12.912 3.97 173.40 0.00 0.00 0.00 1.00 11.05 104.70 3:13:59 D/M/Y:19/10/2017
12.494 3.97 173.70 0.00 0.00 0.00 1.00 10.81 101.50 3:18:59 D/M/Y:19/10/2017
12.367 3.96 173.90 0.00 0.00 0.00 1.00 10.94 102.40 3:24:0 D/M/Y:19/10/2017
12.385 3.97 174.20 0.00 0.00 0.00 1.00 11.02 103.10 3:29:1 D/M/Y:19/10/2017
12.221 3.97 174.20 0.00 0.00 0.00 1.00 11.15 104.00 3:34:1 D/M/Y:19/10/2017
12.415 3.97 174.60 0.00 0.00 0.00 1.00 11.03 103.30 3:39:2 D/M/Y:19/10/2017
12.586 3.98 174.50 0.00 0.00 0.00 1.00 11.01 103.50 3:44:3 D/M/Y:19/10/2017
12.393 3.97 174.80 0.00 0.00 0.00 1.00 10.98 102.90 3:49:3 D/M/Y:19/10/2017
12.188 3.97 175.10 0.00 0.00 0.00 1.00 11.18 104.20 3:54:4 D/M/Y:19/10/2017
12.331 3.98 175.30 0.00 0.00 0.00 1.00 11.08 103.60 3:59:4 D/M/Y:19/10/2017
12.056 3.98 175.40 0.00 0.00 0.00 1.00 11.25 104.50 4:4:5 D/M/Y:19/10/2017
12.063 3.98 175.50 0.00 0.00 0.00 1.00 11.09 103.00 4:9:6 D/M/Y:19/10/2017
12.046 3.98 175.80 0.00 0.00 0.00 1.00 11.32 105.10 4:14:6 D/M/Y:19/10/2017
11.793 3.98 175.90 0.00 0.00 0.00 1.00 11.33 104.60 4:19:7 D/M/Y:19/10/2017
11.927 3.98 176.10 0.00 0.00 0.00 1.00 11.17 103.50 4:24:8 D/M/Y:19/10/2017
12.093 3.98 176.00 0.00 0.00 0.00 1.00 11.25 104.60 4:29:8 D/M/Y:19/10/2017
11.950 3.98 176.10 0.00 0.00 0.00 1.00 11.07 102.60 4:34:9 D/M/Y:19/10/2017
11.716 3.98 176.50 0.00 0.00 0.00 1.00 11.24 103.70 4:39:10 D/M/Y:19/10/2017
11.513 3.98 176.80 0.00 0.00 0.00 1.00 11.35 104.10 4:44:10 D/M/Y:19/10/2017
11.816 3.98 176.70 0.00 0.00 0.00 1.00 11.09 102.50 4:49:11 D/M/Y:19/10/2017
11.359 3.98 176.90 0.00 0.00 0.00 1.00 11.36 103.90 4:54:12 D/M/Y:19/10/2017
11.183 3.98 177.40 0.00 0.00 0.00 1.00 11.19 101.90 4:59:12 D/M/Y:19/10/2017
11.018 3.98 177.60 0.00 0.00 0.00 1.00 11.26 102.10 5:4:13 D/M/Y:19/10/2017
11.186 3.98 177.70 0.00 0.00 0.00 1.00 11.48 104.50 5:9:14 D/M/Y:19/10/2017
11.013 3.98 177.50 0.00 0.00 0.00 1.00 11.49 104.20 5:14:14 D/M/Y:19/10/2017
11.214 3.98 177.80 0.00 0.00 0.00 1.00 11.44 104.30 5:19:15 D/M/Y:19/10/2017
10.899 3.98 177.80 0.00 0.00 0.00 1.00 11.44 103.50 5:24:16 D/M/Y:19/10/2017
11.323 3.98 178.10 0.00 0.00 0.00 1.00 11.30 103.30 5:29:16 D/M/Y:19/10/2017
11.495 3.98 177.90 0.00 0.00 0.00 1.00 11.43 104.40 5:34:17 D/M/Y:19/10/2017
13.447 4.00 177.90 0.00 0.00 0.00 1.00 11.41 109.30 5:39:18 D/M/Y:19/10/2017
14.350 4.01 178.30 0.00 0.00 0.00 1.00 11.50 112.50 5:44:18 D/M/Y:19/10/2017
14.657 4.01 178.70 0.00 0.00 0.00 1.00 10.72 105.50 5:49:19 D/M/Y:19/10/2017
14.936 4.02 179.20 0.00 0.00 0.00 1.00 10.71 106.10 5:54:20 D/M/Y:19/10/2017
15.106 4.01 179.50 0.00 0.00 0.00 1.00 10.36 103.00 5:59:20 D/M/Y:19/10/2017
15.264 4.01 179.70 0.00 0.00 0.00 1.00 10.45 104.20 6:4:21 D/M/Y:19/10/2017
15.262 4.01 179.50 0.00 0.00 0.00 1.00 10.29 102.70 6:9:22 D/M/Y:19/10/2017
15.278 4.00 179.70 0.00 0.00 0.00 1.00 10.56 105.40 6:14:22 D/M/Y:19/10/2017
15.497 4.01 180.00 0.00 0.00 0.00 1.00 10.31 103.40 6:19:23 D/M/Y:19/10/2017
15.491 4.01 180.40 0.00 0.00 0.00 1.00 10.45 104.70 6:24:24 D/M/Y:19/10/2017
15.625 4.01 180.80 0.00 0.00 0.00 1.00 10.34 104.00 6:29:24 D/M/Y:19/10/2017
15.901 4.01 180.90 0.00 0.00 0.00 1.00 10.19 103.00 6:34:25 D/M/Y:19/10/2017
15.896 4.01 181.10 0.00 0.00 0.00 1.00 10.05 101.60 6:39:26 D/M/Y:19/10/2017
16.029 4.00 180.90 0.00 0.00 0.00 1.00 10.49 106.30 6:44:26 D/M/Y:19/10/2017
16.263 4.01 181.20 0.00 0.00 0.00 1.00 10.19 103.80 6:49:27 D/M/Y:19/10/2017
16.392 4.01 181.20 0.00 0.00 0.00 1.00 10.24 104.60 6:54:28 D/M/Y:19/10/2017
16.236 4.01 180.90 0.00 0.00 0.00 1.00 10.11 103.30 6:59:28 D/M/Y:19/10/2017
16.411 4.01 181.00 0.00 0.00 0.00 1.00 10.01 102.30 7:4:29 D/M/Y:19/10/2017
16.421 4.00 181.00 0.00 0.00 0.00 1.00 9.98 102.00 7:9:30 D/M/Y:19/10/2017
16.579 4.00 181.00 0.00 0.00 0.00 1.00 9.96 101.90 7:14:30 D/M/Y:19/10/2017
16.608 4.00 180.80 0.00 0.00 0.00 1.00 9.97 102.30 7:19:31 D/M/Y:19/10/2017
16.767 4.00 180.90 0.00 0.00 0.00 1.00 10.01 103.00 7:24:31 D/M/Y:19/10/2017
16.758 4.00 180.90 0.00 0.00 0.00 1.00 9.99 102.80 7:29:32 D/M/Y:19/10/2017
16.988 4.00 180.70 0.00 0.00 0.00 1.00 10.00 103.40 7:34:33 D/M/Y:19/10/2017
17.033 4.00 180.40 0.00 0.00 0.00 1.00 9.90 102.50 7:39:33 D/M/Y:19/10/2017
17.073 4.00 180.30 0.00 0.00 0.00 1.00 9.93 102.90 7:44:34 D/M/Y:19/10/2017
17.074 4.00 179.90 0.00 0.00 0.00 1.00 9.91 102.70 7:49:35 D/M/Y:19/10/2017
17.233 4.00 179.90 0.00 0.00 0.00 1.00 9.90 103.00 7:54:35 D/M/Y:19/10/2017
17.253 4.00 179.40 0.00 0.00 0.00 1.00 9.83 102.30 7:59:36 D/M/Y:19/10/2017
17.228 4.00 179.30 0.00 0.00 0.00 1.00 9.71 100.90 8:4:37 D/M/Y:19/10/2017
17.250 4.00 179.00 0.00 0.00 0.00 1.00 9.68 100.70 8:9:37 D/M/Y:19/10/2017
17.273 4.00 178.30 0.00 0.00 0.00 1.00 9.98 103.90 8:14:38 D/M/Y:19/10/2017
17.286 4.00 178.30 0.00 0.00 0.00 1.00 9.62 100.10 8:19:39 D/M/Y:19/10/2017
17.278 4.00 178.10 0.00 0.00 0.00 1.00 9.70 101.00 8:24:39 D/M/Y:19/10/2017
17.289 4.00 177.70 0.00 0.00 0.00 1.00 9.78 101.80 8:29:40 D/M/Y:19/10/2017
17.292 3.99 177.30 0.00 0.00 0.00 1.00 9.71 101.10 8:34:41 D/M/Y:19/10/2017
17.315 4.00 176.90 0.00 0.00 0.00 1.00 9.75 101.60 8:39:41 D/M/Y:19/10/2017
17.315 4.00 176.80 0.00 0.00 0.00 1.00 9.78 101.80 8:44:42 D/M/Y:19/10/2017
17.333 4.00 176.10 0.00 0.00 0.00 1.00 9.68 100.90 8:49:43 D/M/Y:19/10/2017
17.366 3.99 176.10 0.00 0.00 0.00 1.00 9.81 102.30 8:54:43 D/M/Y:19/10/2017
17.386 4.00 175.60 0.00 0.00 0.00 1.00 9.81 102.30 8:59:44 D/M/Y:19/10/2017
17.373 3.99 175.30 0.00 0.00 0.00 1.00 9.75 101.70 9:4:45 D/M/Y:19/10/2017
17.365 3.99 174.90 0.00 0.00 0.00 1.00 9.64 100.50 9:9:45 D/M/Y:19/10/2017
17.361 3.99 174.30 0.00 0.00 0.00 1.00 9.78 102.00 9:14:46 D/M/Y:19/10/2017
17.362 3.99 174.20 0.00 0.00 0.00 1.00 9.78 102.00 9:19:47 D/M/Y:19/10/2017
17.366 3.99 173.70 0.00 0.00 0.00 1.00 9.68 101.00 9:24:47 D/M/Y:19/10/2017
17.351 3.99 173.60 0.00 0.00 0.00 1.00 9.77 101.90 9:29:48 D/M/Y:19/10/2017
17.334 3.99 173.00 0.00 0.00 0.00 1.00 9.59 99.90 9:34:49 D/M/Y:19/10/2017
17.358 3.99 172.70 0.00 0.00 0.00 1.00 9.75 101.60 9:39:49 D/M/Y:19/10/2017
17.374 3.99 172.20 0.00 0.00 0.00 1.00 9.62 100.30 9:44:50 D/M/Y:19/10/2017
17.401 3.99 171.90 0.00 0.00 0.00 1.00 9.60 100.10 9:49:51 D/M/Y:19/10/2017
17.427 3.99 171.90 0.00 0.00 0.00 1.00 9.69 101.20 9:54:51 D/M/Y:19/10/2017
17.477 3.99 171.50 0.00 0.00 0.00 1.00 9.60 100.30 9:59:52 D/M/Y:19/10/2017
17.491 3.99 171.10 0.00 0.00 0.00 1.00 9.76 102.00 10:4:53 D/M/Y:19/10/2017
17.661 3.99 171.00 0.00 0.00 0.00 1.00 9.51 99.50 10:9:53 D/M/Y:19/10/2017
17.638 3.99 170.60 0.00 0.00 0.00 1.00 9.64 101.10 10:14:54 D/M/Y:19/10/2017
17.628 3.99 170.40 0.00 0.00 0.00 1.00 9.54 100.00 10:19:55 D/M/Y:19/10/2017
17.634 3.99 169.90 0.00 0.00 0.00 1.00 9.63 101.00 10:24:55 D/M/Y:19/10/2017
17.617 3.99 169.80 0.00 0.00 0.00 1.00 9.52 99.80 10:29:56 D/M/Y:19/10/2017
17.612 3.99 169.60 0.00 0.00 0.00 1.00 9.53 99.90 10:34:57 D/M/Y:19/10/2017
17.752 3.99 169.60 0.00 0.00 0.00 1.00 9.63 101.30 10:39:57 D/M/Y:19/10/2017
17.763 3.99 169.30 0.00 0.00 0.00 1.00 9.45 99.40 10:44:58 D/M/Y:19/10/2017
17.770 3.99 169.00 0.00 0.00 0.00 1.00 9.48 99.70 10:49:58 D/M/Y:19/10/2017
17.934 3.99 169.00 0.00 0.00 0.00 1.00 9.58 100.70 10:54:59 D/M/Y:19/10/2017
17.769 3.99 169.00 0.00 0.00 0.00 1.00 9.50 100.20 11:0:0 D/M/Y:19/10/2017
17.772 3.99 168.80 0.00 0.00 0.00 1.00 9.59 100.90 11:5:0 D/M/Y:19/10/2017
17.796 3.99 168.80 0.00 0.00 0.00 1.00 9.59 100.80 11:10:1 D/M/Y:19/10/2017
17.804 3.99 168.50 0.00 0.00 0.00 1.00 9.61 101.10 11:15:2 D/M/Y:19/10/2017
17.826 3.99 168.50 0.00 0.00 0.00 1.00 9.45 99.50 11:20:2 D/M/Y:19/10/2017
17.827 3.98 168.40 0.00 0.00 0.00 1.00 9.60 101.10 11:25:3 D/M/Y:19/10/2017
17.573 3.98 168.30 0.00 0.00 0.00 1.00 9.53 99.80 11:30:4 D/M/Y:19/10/2017
17.870 3.99 168.20 0.00 0.00 0.00 1.00 9.45 99.60 11:35:4 D/M/Y:19/10/2017
17.840 3.99 168.10 0.00 0.00 0.00 1.00 9.56 100.70 11:40:5 D/M/Y:19/10/2017
17.827 3.98 168.30 0.00 0.00 0.00 1.00 9.60 101.00 11:45:6 D/M/Y:19/10/2017
17.855 3.98 168.20 0.00 0.00 0.00 1.00 9.55 100.60 11:50:7 D/M/Y:19/10/2017
17.679 3.98 168.20 0.00 0.00 0.00 1.00 9.62 100.90 11:55:7 D/M/Y:19/10/2017
17.658 3.98 168.30 0.00 0.00 0.00 1.00 9.66 101.40 12:0:8 D/M/Y:19/10/2017
17.806 3.98 168.60 0.00 0.00 0.00 1.00 9.53 100.00 12:5:9 D/M/Y:19/10/2017
17.774 3.98 169.10 0.00 0.00 0.00 1.00 9.50 99.90 12:10:9 D/M/Y:19/10/2017
17.559 3.97 169.30 0.00 0.00 0.00 1.00 9.40 98.40 12:15:10 D/M/Y:19/10/2017
17.400 3.97 169.80 0.00 0.00 0.00 1.00 9.73 101.50 12:20:11 D/M/Y:19/10/2017
17.388 3.97 170.10 0.00 0.00 0.00 1.00 9.66 100.80 12:25:11 D/M/Y:19/10/2017
17.367 3.97 170.60 0.00 0.00 0.00 1.00 9.75 101.70 12:30:12 D/M/Y:19/10/2017
17.205 3.96 171.30 0.00 0.00 0.00 1.00 9.79 102.00 12:35:13 D/M/Y:19/10/2017
17.208 3.96 172.10 0.00 0.00 0.00 1.00 9.71 101.00 12:40:13 D/M/Y:19/10/2017
17.194 3.96 173.10 0.00 0.00 0.00 1.00 9.76 101.40 12:45:14 D/M/Y:19/10/2017
17.036 3.95 173.90 0.00 0.00 0.00 1.00 9.53 98.70 12:50:15 D/M/Y:19/10/2017
17.024 3.96 174.80 0.00 0.00 0.00 1.00 9.69 100.30 12:55:15 D/M/Y:19/10/2017
17.048 3.96 176.00 0.00 0.00 0.00 1.00 9.66 100.00 13:0:16 D/M/Y:19/10/2017
17.011 3.96 176.80 0.00 0.00 0.00 1.00 9.57 99.10 13:5:17 D/M/Y:19/10/2017
17.004 3.95 178.20 0.00 0.00 0.00 1.00 9.68 100.20 13:10:17 D/M/Y:19/10/2017
16.987 3.95 179.70 0.00 0.00 0.00 1.00 9.50 98.30 13:15:18 D/M/Y:19/10/2017
16.941 3.95 180.80 0.00 0.00 0.00 1.00 9.73 100.60 13:20:19 D/M/Y:19/10/2017
16.812 3.95 182.20 0.00 0.00 0.00 1.00 9.71 100.10 13:25:19 D/M/Y:19/10/2017
16.810 3.95 183.60 0.00 0.00 0.00 1.00 9.66 99.60 13:30:20 D/M/Y:19/10/2017
16.819 3.95 185.00 0.00 0.00 0.00 1.00 9.64 99.40 13:35:21 D/M/Y:19/10/2017
16.833 3.95 186.60 0.00 0.00 0.00 1.00 9.72 100.20 13:40:22 D/M/Y:19/10/2017
16.824 3.94 188.20 0.00 0.00 0.00 1.00 9.61 99.10 13:45:22 D/M/Y:19/10/2017
16.813 3.95 189.40 0.00 0.00 0.00 1.00 9.72 100.20 13:50:23 D/M/Y:19/10/2017
16.826 3.94 191.10 0.00 0.00 0.00 1.00 9.56 98.50 13:55:24 D/M/Y:19/10/2017
16.869 3.94 192.40 0.00 0.00 0.00 1.00 9.66 99.70 14:0:24 D/M/Y:19/10/2017
16.671 3.94 193.70 0.00 0.00 0.00 1.00 9.62 98.80 14:5:25 D/M/Y:19/10/2017
16.675 3.94 195.20 0.00 0.00 0.00 1.00 9.76 100.30 14:10:26 D/M/Y:19/10/2017
16.704 3.94 196.60 0.00 0.00 0.00 1.00 9.69 99.60 14:15:26 D/M/Y:19/10/2017
16.742 3.94 198.20 0.00 0.00 0.00 1.00 9.72 100.00 14:20:27 D/M/Y:19/10/2017
16.720 3.94 199.40 0.00 0.00 0.00 1.00 9.50 97.80 14:25:28 D/M/Y:19/10/2017
16.720 3.94 201.20 0.00 0.00 0.00 1.00 9.66 99.40 14:30:28 D/M/Y:19/10/2017
16.721 3.94 202.50 0.00 0.00 0.00 1.00 9.67 99.40 14:35:29 D/M/Y:19/10/2017
16.877 3.94 203.70 0.00 0.00 0.00 1.00 9.57 98.40 14:40:30 D/M/Y:19/10/2017
16.906 3.94 204.90 0.00 0.00 0.00 1.00 9.57 98.80 14:45:31 D/M/Y:19/10/2017
17.157 3.94 206.40 0.00 0.00 0.00 1.00 9.63 100.00 14:50:31 D/M/Y:19/10/2017
17.134 3.94 207.60 0.00 0.00 0.00 1.00 9.54 99.00 14:55:32 D/M/Y:19/10/2017
17.424 3.95 208.60 0.00 0.00 0.00 1.00 9.25 96.60 15:0:33 D/M/Y:19/10/2017
17.831 3.95 209.30 0.00 0.00 0.00 1.00 9.41 99.00 15:5:34 D/M/Y:19/10/2017
18.173 3.96 210.10 0.00 0.00 0.00 1.00 9.24 98.00 15:10:34 D/M/Y:19/10/2017
20.847 3.99 210.70 0.00 0.00 0.00 1.00 9.23 103.30 15:15:35 D/M/Y:19/10/2017
22.148 4.00 211.00 0.00 0.00 0.00 1.00 9.12 104.70 15:20:36 D/M/Y:19/10/2017
22.150 4.00 211.70 0.00 0.00 0.00 1.00 9.06 104.00 15:25:37 D/M/Y:19/10/2017
22.448 4.00 212.20 0.00 0.00 0.00 1.00 9.07 104.60 15:30:37 D/M/Y:19/10/2017
22.466 4.00 212.20 0.00 0.00 0.00 1.00 9.01 104.00 15:35:38 D/M/Y:19/10/2017
22.472 4.00 212.20 0.00 0.00 0.00 1.00 9.01 104.00 15:40:39 D/M/Y:19/10/2017
22.065 4.00 212.10 0.00 0.00 0.00 1.00 8.99 102.90 15:45:39 D/M/Y:19/10/2017
21.545 3.99 212.30 0.00 0.00 0.00 1.00 9.12 103.50 15:50:40 D/M/Y:19/10/2017
21.345 3.98 212.10 0.00 0.00 0.00 1.00 9.09 102.70 15:55:41 D/M/Y:19/10/2017
21.380 3.99 211.90 0.00 0.00 0.00 1.00 9.08 102.60 16:0:41 D/M/Y:19/10/2017
21.575 3.99 211.70 0.00 0.00 0.00 1.00 9.13 103.60 16:5:42 D/M/Y:19/10/2017
21.540 3.99 211.20 0.00 0.00 0.00 1.00 9.15 103.70 16:10:43 D/M/Y:19/10/2017
21.687 3.99 211.10 0.00 0.00 0.00 1.00 8.99 102.00 16:15:43 D/M/Y:19/10/2017
21.391 3.99 210.80 0.00 0.00 0.00 1.00 8.96 101.30 16:20:44 D/M/Y:19/10/2017
21.607 3.99 210.60 0.00 0.00 0.00 1.00 9.05 102.80 16:25:45 D/M/Y:19/10/2017
21.406 3.99 210.20 0.00 0.00 0.00 1.00 9.06 102.50 16:30:46 D/M/Y:19/10/2017
21.228 3.99 209.80 0.00 0.00 0.00 1.00 9.09 102.40 16:35:46 D/M/Y:19/10/2017
21.007 3.98 209.70 0.00 0.00 0.00 1.00 9.02 101.20 16:40:47 D/M/Y:19/10/2017
20.211 3.98 209.10 0.00 0.00 0.00 1.00 8.91 98.80 16:45:48 D/M/Y:19/10/2017
20.756 3.98 208.90 0.00 0.00 0.00 1.00 9.10 101.60 16:50:48 D/M/Y:19/10/2017
20.289 3.98 208.70 0.00 0.00 0.00 1.00 9.11 101.10 16:55:49 D/M/Y:19/10/2017
19.985 3.98 208.40 0.00 0.00 0.00 1.00 9.16 100.70 17:0:50 D/M/Y:19/10/2017
19.003 3.97 207.90 0.00 0.00 0.00 1.00 9.22 99.40 17:5:50 D/M/Y:19/10/2017
18.318 3.95 207.50 0.00 0.00 0.00 1.00 9.44 100.40 17:10:51 D/M/Y:19/10/2017
17.708 3.94 206.90 0.00 0.00 0.00 1.00 9.69 101.80 17:15:52 D/M/Y:19/10/2017
17.237 3.95 206.50 0.00 0.00 0.00 1.00 9.73 101.20 17:20:52 D/M/Y:19/10/2017
17.215 3.95 206.60 0.00 0.00 0.00 1.00 9.68 100.60 17:25:53 D/M/Y:19/10/2017
17.241 3.95 206.00 0.00 0.00 0.00 1.00 9.64 100.30 17:30:54 D/M/Y:19/10/2017
17.040 3.95 206.00 0.00 0.00 0.00 1.00 9.82 101.70 17:35:54 D/M/Y:19/10/2017
16.669 3.95 205.40 0.00 0.00 0.00 1.00 9.81 100.80 17:40:55 D/M/Y:19/10/2017
16.644 3.95 205.50 0.00 0.00 0.00 1.00 9.95 102.20 17:45:56 D/M/Y:19/10/2017
17.597 3.96 204.70 0.00 0.00 0.00 1.00 9.92 103.60 17:50:56 D/M/Y:19/10/2017
17.993 3.97 204.50 0.00 0.00 0.00 1.00 9.92 104.80 17:55:57 D/M/Y:19/10/2017
18.230 3.97 204.90 0.00 0.00 0.00 1.00 9.48 100.70 18:0:58 D/M/Y:19/10/2017
18.257 3.98 204.70 0.00 0.00 0.00 1.00 9.48 100.60 18:5:59 D/M/Y:19/10/2017
18.274 3.98 204.70 0.00 0.00 0.00 1.00 9.47 100.60 18:10:59 D/M/Y:19/10/2017
18.289 3.97 204.50 0.00 0.00 0.00 1.00 9.63 102.30 18:16:0 D/M/Y:19/10/2017
18.310 3.98 204.00 0.00 0.00 0.00 1.00 9.60 102.00 18:21:1 D/M/Y:19/10/2017
18.323 3.98 203.40 0.00 0.00 0.00 1.00 9.52 101.30 18:26:1 D/M/Y:19/10/2017
18.354 3.98 203.00 0.00 0.00 0.00 1.00 9.46 100.60 18:31:2 D/M/Y:19/10/2017
18.348 3.98 202.80 0.00 0.00 0.00 1.00 9.60 102.10 18:36:3 D/M/Y:19/10/2017
18.362 3.98 202.30 0.00 0.00 0.00 1.00 9.41 100.10 18:41:3 D/M/Y:19/10/2017
18.400 3.97 201.80 0.00 0.00 0.00 1.00 9.61 102.30 18:46:4 D/M/Y:19/10/2017
18.594 3.98 201.30 0.00 0.00 0.00 1.00 9.45 101.00 18:51:5 D/M/Y:19/10/2017
18.585 3.98 200.80 0.00 0.00 0.00 1.00 9.58 102.40 18:56:5 D/M/Y:19/10/2017
18.429 3.98 200.30 0.00 0.00 0.00 1.00 9.56 102.10 19:1:6 D/M/Y:19/10/2017
18.575 3.98 199.70 0.00 0.00 0.00 1.00 9.56 102.30 19:6:7 D/M/Y:19/10/2017
18.733 3.98 199.30 0.00 0.00 0.00 1.00 9.34 99.90 19:11:7 D/M/Y:19/10/2017
18.761 3.98 198.50 0.00 0.00 0.00 1.00 9.49 101.80 19:16:8 D/M/Y:19/10/2017
18.785 3.98 198.10 0.00 0.00 0.00 1.00 9.37 100.60 19:21:9 D/M/Y:19/10/2017
18.779 3.98 197.60 0.00 0.00 0.00 1.00 9.50 101.90 19:26:9 D/M/Y:19/10/2017
18.778 3.98 196.80 0.00 0.00 0.00 1.00 9.46 101.50 19:31:10 D/M/Y:19/10/2017
18.785 3.98 196.40 0.00 0.00 0.00 1.00 9.46 101.50 19:36:11 D/M/Y:19/10/2017
18.776 3.98 195.60 0.00 0.00 0.00 1.00 9.48 101.70 19:41:11 D/M/Y:19/10/2017
18.790 3.98 195.20 0.00 0.00 0.00 1.00 9.26 99.40 19:46:12 D/M/Y:19/10/2017
18.817 3.98 194.60 0.00 0.00 0.00 1.00 9.45 101.50 19:51:13 D/M/Y:19/10/2017
18.811 3.98 193.80 0.00 0.00 0.00 1.00 9.41 101.10 19:56:13 D/M/Y:19/10/2017
18.786 3.98 193.20 0.00 0.00 0.00 1.00 9.45 101.50 20:1:14 D/M/Y:19/10/2017
18.801 3.98 192.40 0.00 0.00 0.00 1.00 9.46 101.60 20:6:15 D/M/Y:19/10/2017
18.949 3.99 191.80 0.00 0.00 0.00 1.00 9.38 101.00 20:11:15 D/M/Y:19/10/2017
18.990 3.99 191.20 0.00 0.00 0.00 1.00 9.22 99.30 20:16:16 D/M/Y:19/10/2017
19.134 3.99 190.60 0.00 0.00 0.00 1.00 9.39 101.60 20:21:17 D/M/Y:19/10/2017
19.152 3.99 189.80 0.00 0.00 0.00 1.00 9.32 100.80 20:26:17 D/M/Y:19/10/2017
19.182 3.99 189.40 0.00 0.00 0.00 1.00 9.38 101.40 20:31:18 D/M/Y:19/10/2017
19.206 3.99 188.50 0.00 0.00 0.00 1.00 9.18 99.30 20:36:19 D/M/Y:19/10/2017
19.207 3.99 187.60 0.00 0.00 0.00 1.00 9.38 101.60 20:41:19 D/M/Y:19/10/2017
19.197 3.99 187.00 0.00 0.00 0.00 1.00 9.30 100.70 20:46:20 D/M/Y:19/10/2017
19.196 3.99 185.90 0.00 0.00 0.00 1.00 9.43 102.00 20:51:21 D/M/Y:19/10/2017
19.193 3.99 185.10 0.00 0.00 0.00 1.00 9.27 100.40 20:56:21 D/M/Y:19/10/2017
19.191 3.99 184.30 0.00 0.00 0.00 1.00 9.42 102.00 21:1:22 D/M/Y:19/10/2017
19.189 3.99 183.60 0.00 0.00 0.00 1.00 9.25 100.10 21:6:23 D/M/Y:19/10/2017
19.182 3.98 182.80 0.00 0.00 0.00 1.00 9.38 101.50 21:11:23 D/M/Y:19/10/2017
19.164 3.98 182.00 0.00 0.00 0.00 1.00 9.41 101.80 21:16:24 D/M/Y:19/10/2017
19.151 3.98 181.30 0.00 0.00 0.00 1.00 9.20 99.50 21:21:25 D/M/Y:19/10/2017
19.144 3.99 180.50 0.00 0.00 0.00 1.00 9.40 101.60 21:26:25 D/M/Y:19/10/2017
19.143 3.98 179.60 0.00 0.00 0.00 1.00 9.20 99.50 21:31:26 D/M/Y:19/10/2017
19.125 3.98 178.90 0.00 0.00 0.00 1.00 9.29 100.40 21:36:27 D/M/Y:19/10/2017
19.100 3.98 178.20 0.00 0.00 0.00 1.00 9.31 100.60 21:41:27 D/M/Y:19/10/2017
19.081 3.98 177.50 0.00 0.00 0.00 1.00 9.21 99.50 21:46:28 D/M/Y:19/10/2017
19.067 3.98 176.60 0.00 0.00 0.00 1.00 9.37 101.10 21:51:29 D/M/Y:19/10/2017
19.056 3.99 175.90 0.00 0.00 0.00 1.00 9.38 101.20 21:56:29 D/M/Y:19/10/2017
19.048 3.99 175.20 0.00 0.00 0.00 1.00 9.43 101.80 22:1:30 D/M/Y:19/10/2017
19.031 3.99 174.50 0.00 0.00 0.00 1.00 9.23 99.60 22:6:31 D/M/Y:19/10/2017
19.020 3.98 173.90 0.00 0.00 0.00 1.00 9.29 100.10 22:11:31 D/M/Y:19/10/2017
18.995 3.98 173.30 0.00 0.00 0.00 1.00 9.40 101.40 22:16:32 D/M/Y:19/10/2017
18.986 3.98 172.50 0.00 0.00 0.00 1.00 9.34 100.70 22:21:33 D/M/Y:19/10/2017
18.974 3.98 171.80 0.00 0.00 0.00 1.00 9.33 100.50 22:26:33 D/M/Y:19/10/2017
18.968 3.98 171.20 0.00 0.00 0.00 1.00 9.35 100.80 22:31:34 D/M/Y:19/10/2017
18.964 3.98 170.60 0.00 0.00 0.00 1.00 9.38 101.00 22:36:35 D/M/Y:19/10/2017
18.964 3.98 169.80 0.00 0.00 0.00 1.00 9.28 99.90 22:41:35 D/M/Y:19/10/2017
18.943 3.98 169.30 0.00 0.00 0.00 1.00 9.47 102.00 22:46:36 D/M/Y:19/10/2017
18.926 3.98 168.60 0.00 0.00 0.00 1.00 9.28 100.00 22:51:37 D/M/Y:19/10/2017
18.920 3.98 168.00 0.00 0.00 0.00 1.00 9.30 100.10 22:56:37 D/M/Y:19/10/2017
18.900 3.98 167.50 0.00 0.00 0.00 1.00 9.25 99.60 23:1:38 D/M/Y:19/10/2017
18.890 3.98 167.00 0.00 0.00 0.00 1.00 9.39 101.00 23:6:39 D/M/Y:19/10/2017
18.882 3.98 166.50 0.00 0.00 0.00 1.00 9.30 100.00 23:11:39 D/M/Y:19/10/2017
18.864 3.98 165.90 0.00 0.00 0.00 1.00 9.36 100.70 23:16:40 D/M/Y:19/10/2017
18.716 3.98 165.40 0.00 0.00 0.00 1.00 9.41 101.20 23:21:41 D/M/Y:19/10/2017
18.853 3.98 165.00 0.00 0.00 0.00 1.00 9.35 100.50 23:26:41 D/M/Y:19/10/2017
18.848 3.98 164.40 0.00 0.00 0.00 1.00 9.29 99.80 23:31:42 D/M/Y:19/10/2017
18.821 3.98 163.80 0.00 0.00 0.00 1.00 9.28 99.70 23:36:43 D/M/Y:19/10/2017
18.803 3.98 163.50 0.00 0.00 0.00 1.00 9.34 100.30 23:41:43 D/M/Y:19/10/2017
18.774 3.98 163.10 0.00 0.00 0.00 1.00 9.40 100.90 23:46:44 D/M/Y:19/10/2017
18.752 3.98 162.60 0.00 0.00 0.00 1.00 9.30 99.80 23:51:45 D/M/Y:19/10/2017
18.729 3.98 162.00 0.00 0.00 0.00 1.00 9.29 99.60 23:56:45 D/M/Y:19/10/2017
18.693 3.98 161.80 0.00 0.00 0.00 1.00 9.41 100.80 0:1:46 D/M/Y:20/10/2017
18.680 3.98 161.10 0.00 0.00 0.00 1.00 9.33 99.90 0:6:47 D/M/Y:20/10/2017
18.541 3.98 160.70 0.00 0.00 0.00 1.00 9.39 100.40 0:11:47 D/M/Y:20/10/2017
18.516 3.98 160.50 0.00 0.00 0.00 1.00 9.48 101.20 0:16:48 D/M/Y:20/10/2017
18.473 3.98 160.00 0.00 0.00 0.00 1.00 9.47 101.10 0:21:49 D/M/Y:20/10/2017
18.435 3.98 159.80 0.00 0.00 0.00 1.00 9.51 101.40 0:26:49 D/M/Y:20/10/2017
18.284 3.98 159.20 0.00 0.00 0.00 1.00 9.41 100.20 0:31:50 D/M/Y:20/10/2017
18.288 3.97 158.90 0.00 0.00 0.00 1.00 9.51 101.10 0:36:51 D/M/Y:20/10/2017
18.257 3.98 158.50 0.00 0.00 0.00 1.00 9.42 100.10 0:41:51 D/M/Y:20/10/2017
18.241 3.98 158.20 0.00 0.00 0.00 1.00 9.43 100.10 0:46:52 D/M/Y:20/10/2017
18.237 3.98 157.90 0.00 0.00 0.00 1.00 9.40 99.80 0:51:53 D/M/Y:20/10/2017
18.188 3.98 157.50 0.00 0.00 0.00 1.00 9.53 101.10 0:56:53 D/M/Y:20/10/2017
18.013 3.98 157.20 0.00 0.00 0.00 1.00 9.64 102.20 1:1:54 D/M/Y:20/10/2017
18.025 3.98 156.90 0.00 0.00 0.00 1.00 9.44 99.70 1:6:55 D/M/Y:20/10/2017
18.013 3.97 156.40 0.00 0.00 0.00 1.00 9.49 100.20 1:11:55 D/M/Y:20/10/2017
17.980 3.98 156.20 0.00 0.00 0.00 1.00 9.58 101.20 1:16:56 D/M/Y:20/10/2017
17.846 3.97 155.90 0.00 0.00 0.00 1.00 9.66 101.80 1:21:57 D/M/Y:20/10/2017
17.807 3.98 155.60 0.00 0.00 0.00 1.00 9.58 100.80 1:26:57 D/M/Y:20/10/2017
17.766 3.97 155.20 0.00 0.00 0.00 1.00 9.62 101.20 1:31:58 D/M/Y:20/10/2017
17.618 3.97 154.50 0.00 0.00 0.00 1.00 9.61 100.70 1:36:59 D/M/Y:20/10/2017
17.463 3.97 154.40 0.00 0.00 0.00 1.00 9.55 100.00 1:41:59 D/M/Y:20/10/2017
17.469 3.97 154.30 0.00 0.00 0.00 1.00 9.67 101.00 1:47:0 D/M/Y:20/10/2017
17.433 3.97 153.90 0.00 0.00 0.00 1.00 9.61 100.30 1:52:1 D/M/Y:20/10/2017
17.258 3.97 153.70 0.00 0.00 0.00 1.00 9.74 101.70 1:57:1 D/M/Y:20/10/2017
17.254 3.97 153.30 0.00 0.00 0.00 1.00 9.73 101.20 2:2:2 D/M/Y:20/10/2017
17.065 3.97 152.90 0.00 0.00 0.00 1.00 9.65 100.40 2:7:3 D/M/Y:20/10/2017
17.085 3.97 152.80 0.00 0.00 0.00 1.00 9.67 100.20 2:12:3 D/M/Y:20/10/2017
17.064 3.97 152.50 0.00 0.00 0.00 1.00 9.77 101.30 2:17:4 D/M/Y:20/10/2017
16.872 3.97 152.30 0.00 0.00 0.00 1.00 9.66 100.00 2:22:5 D/M/Y:20/10/2017
16.873 3.97 152.10 0.00 0.00 0.00 1.00 9.81 101.30 2:27:5 D/M/Y:20/10/2017
16.711 3.97 152.00 0.00 0.00 0.00 1.00 9.75 100.50 2:32:6 D/M/Y:20/10/2017
16.694 3.97 151.90 0.00 0.00 0.00 1.00 9.79 100.70 2:37:7 D/M/Y:20/10/2017
16.671 3.97 151.60 0.00 0.00 0.00 1.00 9.71 99.80 2:42:7 D/M/Y:20/10/2017
16.521 3.97 151.50 0.00 0.00 0.00 1.00 9.87 101.10 2:47:8 D/M/Y:20/10/2017
16.352 3.97 151.30 0.00 0.00 0.00 1.00 9.81 100.40 2:52:9 D/M/Y:20/10/2017
16.339 3.97 151.00 0.00 0.00 0.00 1.00 9.93 101.30 2:57:9 D/M/Y:20/10/2017
16.297 3.97 151.00 0.00 0.00 0.00 1.00 9.86 100.50 3:2:10 D/M/Y:20/10/2017
16.129 3.97 150.80 0.00 0.00 0.00 1.00 9.94 101.00 3:7:11 D/M/Y:20/10/2017
15.852 3.97 150.30 0.00 0.00 0.00 1.00 9.91 100.40 3:12:11 D/M/Y:20/10/2017
15.644 3.96 150.10 0.00 0.00 0.00 1.00 10.27 103.70 3:17:12 D/M/Y:20/10/2017
15.368 3.96 150.10 0.00 0.00 0.00 1.00 10.30 103.00 3:22:13 D/M/Y:20/10/2017
13.601 3.94 149.70 0.00 0.00 0.00 1.00 10.80 103.90 3:27:13 D/M/Y:20/10/2017
12.868 3.94 149.90 0.00 0.00 0.00 1.00 10.86 102.80 3:32:14 D/M/Y:20/10/2017
12.856 3.94 150.80 0.00 0.00 0.00 1.00 10.80 102.20 3:37:15 D/M/Y:20/10/2017
12.695 3.94 152.40 0.00 0.00 0.00 1.00 10.89 102.60 3:42:15 D/M/Y:20/10/2017
12.663 3.95 153.60 0.00 0.00 0.00 1.00 10.68 100.60 3:47:16 D/M/Y:20/10/2017
12.893 3.96 154.40 0.00 0.00 0.00 1.00 10.68 101.10 3:52:17 D/M/Y:20/10/2017
13.062 3.96 154.80 0.00 0.00 0.00 1.00 10.64 100.80 3:57:17 D/M/Y:20/10/2017
12.714 3.96 155.60 0.00 0.00 0.00 1.00 10.80 101.90 4:2:18 D/M/Y:20/10/2017
12.236 3.96 156.30 0.00 0.00 0.00 1.00 10.70 99.90 4:7:19 D/M/Y:20/10/2017
11.986 3.96 156.80 0.00 0.00 0.00 1.00 10.81 100.30 4:12:19 D/M/Y:20/10/2017
11.658 3.96 157.10 0.00 0.00 0.00 1.00 11.00 101.30 4:17:20 D/M/Y:20/10/2017
11.464 3.96 157.60 0.00 0.00 0.00 1.00 11.13 102.00 4:22:21 D/M/Y:20/10/2017
11.472 3.96 157.90 0.00 0.00 0.00 1.00 11.25 103.10 4:27:21 D/M/Y:20/10/2017
10.823 3.96 158.20 0.00 0.00 0.00 1.00 11.02 99.60 4:32:22 D/M/Y:20/10/2017
10.685 3.96 158.30 0.00 0.00 0.00 1.00 11.20 101.20 4:37:23 D/M/Y:20/10/2017
11.522 3.97 158.80 0.00 0.00 0.00 1.00 10.97 100.70 4:42:23 D/M/Y:20/10/2017
12.118 3.98 159.50 0.00 0.00 0.00 1.00 11.22 104.40 4:47:24 D/M/Y:20/10/2017
12.447 3.98 160.50 0.00 0.00 0.00 1.00 10.90 102.20 4:52:25 D/M/Y:20/10/2017
12.287 3.98 160.70 0.00 0.00 0.00 1.00 10.91 102.20 4:57:25 D/M/Y:20/10/2017
12.441 3.98 161.30 0.00 0.00 0.00 1.00 11.07 103.70 5:2:26 D/M/Y:20/10/2017
12.431 3.99 161.60 0.00 0.00 0.00 1.00 11.08 103.90 5:7:27 D/M/Y:20/10/2017
12.443 3.98 162.10 0.00 0.00 0.00 1.00 11.06 103.60 5:12:27 D/M/Y:20/10/2017
12.602 3.98 162.90 0.00 0.00 0.00 1.00 11.05 103.90 5:17:28 D/M/Y:20/10/2017
12.773 3.98 163.40 0.00 0.00 0.00 1.00 10.87 102.30 5:22:29 D/M/Y:20/10/2017
12.596 3.98 163.90 0.00 0.00 0.00 1.00 10.69 100.60 5:27:29 D/M/Y:20/10/2017
12.280 3.98 164.70 0.00 0.00 0.00 1.00 11.08 103.40 5:32:30 D/M/Y:20/10/2017
11.905 3.98 165.30 0.00 0.00 0.00 1.00 10.87 100.70 5:37:31 D/M/Y:20/10/2017
11.940 3.97 165.90 0.00 0.00 0.00 1.00 11.15 103.20 5:42:31 D/M/Y:20/10/2017
11.604 3.97 166.40 0.00 0.00 0.00 1.00 10.91 100.40 5:47:32 D/M/Y:20/10/2017
11.432 3.97 166.90 0.00 0.00 0.00 1.00 10.91 100.20 5:52:33 D/M/Y:20/10/2017
11.251 3.97 167.30 0.00 0.00 0.00 1.00 11.03 101.00 5:57:33 D/M/Y:20/10/2017
11.104 3.97 167.40 0.00 0.00 0.00 1.00 11.11 101.00 6:2:34 D/M/Y:20/10/2017
11.095 3.97 167.70 0.00 0.00 0.00 1.00 11.12 101.00 6:7:35 D/M/Y:20/10/2017
10.925 3.97 167.80 0.00 0.00 0.00 1.00 11.29 102.20 6:12:35 D/M/Y:20/10/2017
10.653 3.97 168.10 0.00 0.00 0.00 1.00 11.29 101.60 6:17:36 D/M/Y:20/10/2017
13.410 3.99 168.40 0.00 0.00 0.00 1.00 11.16 106.80 6:22:37 D/M/Y:20/10/2017
13.855 4.00 168.60 0.00 0.00 0.00 1.00 11.20 108.30 6:27:37 D/M/Y:20/10/2017
14.044 4.00 169.10 0.00 0.00 0.00 1.00 10.93 106.20 6:32:38 D/M/Y:20/10/2017
14.243 4.00 169.70 0.00 0.00 0.00 1.00 10.81 105.50 6:37:39 D/M/Y:20/10/2017
14.534 4.00 170.30 0.00 0.00 0.00 1.00 10.36 101.70 6:42:39 D/M/Y:20/10/2017
14.773 4.01 170.30 0.00 0.00 0.00 1.00 10.28 101.40 6:47:40 D/M/Y:20/10/2017
14.781 4.00 170.40 0.00 0.00 0.00 1.00 10.43 103.00 6:52:41 D/M/Y:20/10/2017
15.026 4.00 170.70 0.00 0.00 0.00 1.00 10.31 102.10 6:57:41 D/M/Y:20/10/2017
14.867 4.00 171.00 0.00 0.00 0.00 1.00 10.42 103.30 7:2:42 D/M/Y:20/10/2017
14.889 4.00 171.40 0.00 0.00 0.00 1.00 10.29 101.80 7:7:42 D/M/Y:20/10/2017
15.022 4.00 171.50 0.00 0.00 0.00 1.00 10.18 101.10 7:12:43 D/M/Y:20/10/2017
15.033 4.00 172.10 0.00 0.00 0.00 1.00 10.33 102.50 7:17:44 D/M/Y:20/10/2017
15.027 4.00 171.90 0.00 0.00 0.00 1.00 10.28 102.00 7:22:44 D/M/Y:20/10/2017
15.192 4.00 172.00 0.00 0.00 0.00 1.00 10.17 101.00 7:27:45 D/M/Y:20/10/2017
15.399 4.00 172.20 0.00 0.00 0.00 1.00 10.07 100.70 7:32:46 D/M/Y:20/10/2017
15.384 4.00 172.30 0.00 0.00 0.00 1.00 10.10 101.00 7:37:46 D/M/Y:20/10/2017
15.568 4.00 172.30 0.00 0.00 0.00 1.00 10.20 102.40 7:42:47 D/M/Y:20/10/2017


TEMP PH ORP EC TDS SAL SG DO SAT TIME
23.230 3.97 105.70 0.00 0.00 0.00 1.00 8.58 100.50 1:25:26 D/M/Y:25/10/2017
23.434 3.97 104.70 0.00 0.00 0.00 1.00 8.72 102.50 1:30:26 D/M/Y:25/10/2017
23.686 3.97 110.20 0.00 0.00 0.00 1.00 8.41 99.30 1:35:27 D/M/Y:25/10/2017
23.903 3.97 118.20 0.00 0.00 0.00 1.00 8.93 106.00 1:40:27 D/M/Y:25/10/2017
24.090 3.98 120.90 0.00 0.00 0.00 1.00 8.76 104.30 1:45:28 D/M/Y:25/10/2017
24.073 3.97 122.20 0.00 0.00 0.00 1.00 8.69 103.30 1:50:29 D/M/Y:25/10/2017
23.466 3.97 122.80 0.00 0.00 0.00 1.00 8.66 102.20 1:55:29 D/M/Y:25/10/2017
23.022 3.96 123.70 0.00 0.00 0.00 1.00 8.65 100.80 2:0:30 D/M/Y:25/10/2017
23.390 3.96 124.90 0.00 0.00 0.00 1.00 8.75 102.70 2:5:31 D/M/Y:25/10/2017
20.958 3.93 125.00 0.00 0.00 0.00 1.00 8.82 99.00 2:10:31 D/M/Y:25/10/2017
20.562 3.93 125.50 0.00 0.00 0.00 1.00 9.07 100.90 2:15:32 D/M/Y:25/10/2017
20.586 3.93 126.20 0.00 0.00 0.00 1.00 9.19 102.20 2:20:33 D/M/Y:25/10/2017
21.119 3.94 126.50 0.00 0.00 0.00 1.00 9.12 102.60 2:25:33 D/M/Y:25/10/2017
21.148 3.94 127.10 0.00 0.00 0.00 1.00 9.05 101.80 2:30:34 D/M/Y:25/10/2017
19.708 6.95 116.50 12010.00 6485.00 6.84 1.01 8.78 96.10 2:35:35 D/M/Y:25/10/2017
19.529 7.43 98.90 17760.00 9592.00 10.45 1.01 7.85 85.60 2:40:35 D/M/Y:25/10/2017
19.526 7.45 92.30 17810.00 9618.00 10.48 1.01 7.75 84.50 2:45:36 D/M/Y:25/10/2017
19.525 7.46 88.30 17750.00 9585.00 10.44 1.01 7.95 86.60 2:50:37 D/M/Y:25/10/2017
19.525 7.47 85.90 17680.00 9549.00 10.40 1.01 8.01 87.30 2:55:38 D/M/Y:25/10/2017
19.506 7.47 84.10 17620.00 9516.00 10.36 1.01 7.85 85.60 3:0:38 D/M/Y:25/10/2017
19.500 7.47 83.00 17630.00 9523.00 10.37 1.01 7.74 84.30 3:5:39 D/M/Y:25/10/2017
19.563 7.47 82.10 17610.00 9510.00 10.36 1.01 7.71 83.90 3:10:40 D/M/Y:25/10/2017
19.402 7.47 81.20 17590.00 9499.00 10.34 1.01 7.61 83.00 3:15:40 D/M/Y:25/10/2017
19.427 7.47 80.90 17610.00 9511.00 10.36 1.01 7.63 82.90 3:20:41 D/M/Y:25/10/2017
19.439 7.48 80.30 17570.00 9491.00 10.33 1.01 7.66 83.30 3:25:42 D/M/Y:25/10/2017
19.287 7.47 79.80 17540.00 9472.00 10.31 1.01 7.60 82.70 3:30:42 D/M/Y:25/10/2017
19.464 7.48 79.50 17500.00 9453.00 10.29 1.01 7.63 83.00 3:35:43 D/M/Y:25/10/2017
19.453 7.48 79.10 17480.00 9441.00 10.27 1.01 7.66 83.40 3:40:44 D/M/Y:25/10/2017
19.405 7.47 79.30 17460.00 9431.00 10.26 1.01 7.45 81.90 3:45:44 D/M/Y:25/10/2017
19.419 7.47 80.00 17460.00 9428.00 10.26 1.01 7.47 81.20 3:50:45 D/M/Y:25/10/2017
19.410 7.46 80.10 17420.00 9409.00 10.24 1.01 7.43 80.80 3:55:46 D/M/Y:25/10/2017
19.403 7.45 80.40 17400.00 9399.00 10.22 1.01 7.45 81.00 4:0:47 D/M/Y:25/10/2017
19.390 7.45 80.80 17400.00 9398.00 10.22 1.01 7.20 78.20 4:5:47 D/M/Y:25/10/2017
19.385 7.45 81.10 17390.00 9395.00 10.22 1.01 7.26 78.80 4:10:48 D/M/Y:25/10/2017
19.366 7.44 81.20 17380.00 9386.00 10.21 1.01 7.15 77.70 4:15:49 D/M/Y:25/10/2017
19.334 7.44 81.00 17370.00 9384.00 10.21 1.01 7.29 79.20 4:20:49 D/M/Y:25/10/2017
19.313 7.42 80.90 17350.00 9372.00 10.19 1.01 7.24 78.60 4:25:50 D/M/Y:25/10/2017
19.161 7.41 81.20 17340.00 9364.00 10.18 1.01 7.03 76.30 4:30:51 D/M/Y:25/10/2017
19.190 7.41 81.40 17380.00 9390.00 10.21 1.01 6.70 72.50 4:35:51 D/M/Y:25/10/2017
19.194 7.40 81.10 17340.00 9368.00 10.19 1.01 6.94 75.20 4:40:52 D/M/Y:25/10/2017
19.197 7.38 81.20 17340.00 9366.00 10.18 1.01 6.84 74.00 4:45:53 D/M/Y:25/10/2017
19.188 7.39 81.10 17330.00 9363.00 10.18 1.01 6.67 72.20 4:50:53 D/M/Y:25/10/2017
19.163 7.37 80.90 17300.00 9343.00 10.16 1.01 6.78 73.30 4:55:54 D/M/Y:25/10/2017
19.144 7.36 80.70 17300.00 9345.00 10.16 1.01 6.67 72.20 5:0:55 D/M/Y:25/10/2017
19.129 7.35 80.50 17310.00 9350.00 10.16 1.01 6.50 70.20 5:5:56 D/M/Y:25/10/2017
19.099 7.33 80.40 17290.00 9336.00 10.15 1.01 6.54 70.70 5:10:56 D/M/Y:25/10/2017
19.083 7.33 79.90 17280.00 9334.00 10.14 1.01 6.43 69.50 5:15:57 D/M/Y:25/10/2017
19.062 7.31 79.60 17260.00 9322.00 10.13 1.01 6.34 68.50 5:20:58 D/M/Y:25/10/2017
19.043 7.31 79.40 17260.00 9321.00 10.13 1.01 6.25 67.40 5:25:58 D/M/Y:25/10/2017
19.011 7.31 79.40 17270.00 9326.00 10.13 1.01 6.09 65.70 5:30:59 D/M/Y:25/10/2017
18.975 7.29 78.70 17230.00 9307.00 10.11 1.01 6.22 67.10 5:36:0 D/M/Y:25/10/2017
18.943 7.27 78.00 17220.00 9302.00 10.11 1.01 6.08 65.50 5:41:0 D/M/Y:25/10/2017
18.900 7.27 77.90 17220.00 9302.00 10.11 1.01 6.00 64.60 5:46:1 D/M/Y:25/10/2017
18.724 7.26 77.10 17210.00 9296.00 10.10 1.01 6.10 65.70 5:51:2 D/M/Y:25/10/2017
18.841 7.25 76.80 17250.00 9315.00 10.12 1.01 5.95 63.90 5:56:2 D/M/Y:25/10/2017
18.828 7.25 77.20 17200.00 9293.00 10.09 1.01 5.72 61.50 6:1:3 D/M/Y:25/10/2017
18.644 7.24 76.90 17190.00 9285.00 10.09 1.01 5.90 63.40 6:6:4 D/M/Y:25/10/2017
18.662 7.23 75.80 17190.00 9287.00 10.09 1.01 5.89 63.10 6:11:5 D/M/Y:25/10/2017
18.663 7.22 75.50 17180.00 9279.00 10.08 1.01 5.52 59.10 6:16:5 D/M/Y:25/10/2017
18.656 7.21 75.20 17170.00 9274.00 10.07 1.01 5.57 59.70 6:21:6 D/M/Y:25/10/2017
18.637 7.21 74.30 17150.00 9263.00 10.06 1.01 5.70 61.00 6:26:7 D/M/Y:25/10/2017
18.628 7.20 73.60 17130.00 9254.00 10.05 1.01 5.53 59.20 6:31:7 D/M/Y:25/10/2017
18.616 7.20 73.10 17160.00 9269.00 10.06 1.01 5.40 57.80 6:36:8 D/M/Y:25/10/2017
18.621 7.20 72.90 17150.00 9262.00 10.06 1.01 5.58 59.70 6:41:9 D/M/Y:25/10/2017
18.590 7.19 72.30 17090.00 9233.00 10.02 1.01 5.55 59.40 6:46:9 D/M/Y:25/10/2017
18.553 7.17 71.80 17060.00 9217.00 10.00 1.01 5.42 58.00 6:51:10 D/M/Y:25/10/2017
18.517 7.17 71.20 17050.00 9211.00 10.00 1.01 5.35 57.20 6:56:11 D/M/Y:25/10/2017
18.419 7.16 71.00 17030.00 9197.00 9.98 1.01 5.29 56.50 7:1:11 D/M/Y:25/10/2017
18.394 7.15 70.00 17010.00 9190.00 9.97 1.01 5.24 55.80 7:6:12 D/M/Y:25/10/2017
18.368 7.14 68.30 17000.00 9180.00 9.96 1.01 5.23 55.70 7:11:13 D/M/Y:25/10/2017
18.354 7.13 68.60 16970.00 9164.00 9.94 1.01 4.98 53.00 7:16:13 D/M/Y:25/10/2017
18.340 7.13 69.00 16970.00 9166.00 9.94 1.01 4.72 50.20 7:21:14 D/M/Y:25/10/2017
18.394 7.13 68.90 16970.00 9164.00 9.94 1.01 4.91 52.20 7:26:15 D/M/Y:25/10/2017
18.266 7.12 68.40 16970.00 9164.00 9.94 1.01 4.96 52.70 7:31:15 D/M/Y:25/10/2017
18.088 7.11 67.60 16890.00 9125.00 9.89 1.01 4.82 51.20 7:36:16 D/M/Y:25/10/2017
18.132 7.10 66.90 16930.00 9145.00 9.91 1.01 4.80 50.80 7:41:17 D/M/Y:25/10/2017
18.117 7.10 66.70 16910.00 9136.00 9.90 1.01 4.50 47.70 7:46:18 D/M/Y:25/10/2017
18.118 7.10 66.90 16900.00 9129.00 9.90 1.01 4.44 47.00 7:51:18 D/M/Y:25/10/2017
18.093 7.09 65.50 16860.00 9105.00 9.87 1.01 4.76 50.40 7:56:19 D/M/Y:25/10/2017
17.760 7.08 64.40 16780.00 9064.00 9.82 1.01 4.60 48.70 8:1:20 D/M/Y:25/10/2017
17.944 7.07 64.50 16810.00 9081.00 9.84 1.01 4.17 44.00 8:6:20 D/M/Y:25/10/2017
17.939 7.07 64.50 16800.00 9072.00 9.83 1.01 4.23 44.60 8:11:21 D/M/Y:25/10/2017
17.906 7.07 63.70 16780.00 9064.00 9.82 1.01 4.25 44.80 8:16:22 D/M/Y:25/10/2017
17.878 7.06 63.00 16750.00 9047.00 9.80 1.01 4.25 44.80 8:21:22 D/M/Y:25/10/2017
17.715 7.05 62.70 16710.00 9025.00 9.77 1.01 4.10 43.20 8:26:23 D/M/Y:25/10/2017
17.731 7.05 61.70 16780.00 9063.00 9.81 1.01 4.07 42.80 8:31:24 D/M/Y:25/10/2017
17.778 7.06 8.70 16810.00 9081.00 9.83 1.01 4.34 45.60 8:36:24 D/M/Y:25/10/2017
17.780 7.06 -48.80 16790.00 9067.00 9.82 1.01 4.14 43.60 8:41:25 D/M/Y:25/10/2017
17.772 7.05 -17.90 16730.00 9039.00 9.79 1.01 4.18 44.00 8:46:26 D/M/Y:25/10/2017
17.632 7.05 -16.90 16730.00 9036.00 9.78 1.01 3.98 41.80 8:51:26 D/M/Y:25/10/2017
17.646 7.06 -17.20 16810.00 9078.00 9.83 1.01 4.32 45.30 8:56:27 D/M/Y:25/10/2017
17.675 7.06 -37.90 16820.00 9087.00 9.84 1.01 4.20 44.00 9:1:28 D/M/Y:25/10/2017
17.693 7.06 -37.80 16860.00 9108.00 9.87 1.01 4.36 45.80 9:6:28 D/M/Y:25/10/2017
17.537 7.10 -17.40 16560.00 8943.00 9.67 1.01 4.55 47.80 9:11:29 D/M/Y:25/10/2017
17.344 7.17 -8.40 14810.00 7999.00 8.57 1.01 5.42 56.70 9:16:30 D/M/Y:25/10/2017
17.549 7.08 -8.20 16680.00 9012.00 9.75 1.01 5.02 52.50 9:21:30 D/M/Y:25/10/2017
17.536 7.14 -0.70 15450.00 8344.00 8.97 1.01 5.08 53.20 9:26:31 D/M/Y:25/10/2017
17.957 7.10 6.60 16290.00 8800.00 9.51 1.01 4.91 51.80 9:31:32 D/M/Y:25/10/2017
18.291 7.17 14.10 15350.00 8293.00 8.92 1.01 5.01 53.20 9:36:32 D/M/Y:25/10/2017
18.254 7.19 9.60 15810.00 8538.00 9.20 1.01 5.50 58.40 9:41:33 D/M/Y:25/10/2017
17.744 7.12 15.70 15830.00 8550.00 9.21 1.01 5.06 53.20 9:46:34 D/M/Y:25/10/2017
18.064 7.15 19.90 15930.00 8604.00 9.28 1.01 5.19 54.90 9:51:35 D/M/Y:25/10/2017
18.251 7.19 22.80 16050.00 8670.00 9.36 1.01 5.44 57.80 9:56:35 D/M/Y:25/10/2017
18.438 7.22 28.60 16210.00 8756.00 9.46 1.01 5.28 56.10 10:1:36 D/M/Y:25/10/2017
18.111 7.20 31.70 16110.00 8704.00 9.40 1.01 5.42 57.30 10:6:37 D/M/Y:25/10/2017
18.118 7.19 34.40 16000.00 8645.00 9.33 1.01 5.17 54.80 10:11:37 D/M/Y:25/10/2017
18.146 7.20 36.50 16050.00 8670.00 9.36 1.01 5.11 54.10 10:16:38 D/M/Y:25/10/2017
18.296 7.24 34.60 16290.00 8799.00 9.51 1.01 5.62 59.60 10:21:39 D/M/Y:25/10/2017
18.477 7.29 36.00 16880.00 9117.00 9.88 1.01 5.99 63.90 10:26:39 D/M/Y:25/10/2017
18.457 7.29 39.60 16650.00 8992.00 9.74 1.01 5.79 61.80 10:31:40 D/M/Y:25/10/2017
18.243 7.26 37.90 16500.00 8910.00 9.64 1.01 5.78 61.40 10:36:41 D/M/Y:25/10/2017
18.223 7.28 38.30 16640.00 8988.00 9.73 1.01 5.87 62.50 10:41:41 D/M/Y:25/10/2017
18.629 7.35 39.60 17170.00 9276.00 10.07 1.01 6.31 67.50 10:46:42 D/M/Y:25/10/2017
18.919 7.37 41.00 17430.00 9413.00 10.24 1.01 6.40 68.90 10:51:43 D/M/Y:25/10/2017
18.862 7.37 43.60 17380.00 9389.00 10.21 1.01 6.01 64.70 10:56:43 D/M/Y:25/10/2017
18.830 7.37 45.50 17510.00 9459.00 10.29 1.01 5.93 63.80 11:1:44 D/M/Y:25/10/2017
19.007 7.38 45.40 17630.00 9523.00 10.37 1.01 6.44 69.20 11:6:45 D/M/Y:25/10/2017
18.911 7.40 45.00 17670.00 9546.00 10.39 1.01 6.66 71.60 11:11:45 D/M/Y:25/10/2017
18.682 7.41 44.00 17620.00 9519.00 10.36 1.01 6.73 72.10 11:16:46 D/M/Y:25/10/2017
18.712 7.41 45.80 18050.00 9751.00 10.64 1.01 6.67 71.70 11:21:47 D/M/Y:25/10/2017
18.753 7.41 48.00 17830.00 9632.00 10.49 1.01 6.41 68.70 11:26:47 D/M/Y:25/10/2017
18.786 7.41 49.70 17920.00 9678.00 10.55 1.01 6.08 65.30 11:31:48 D/M/Y:25/10/2017
18.825 7.42 50.10 18090.00 9772.00 10.66 1.01 6.40 68.70 11:36:49 D/M/Y:25/10/2017
18.820 7.43 51.10 18010.00 9727.00 10.61 1.01 6.58 70.70 11:41:49 D/M/Y:25/10/2017
19.031 7.43 51.80 18150.00 9805.00 10.70 1.01 6.57 70.60 11:46:50 D/M/Y:25/10/2017
18.877 7.43 53.40 18060.00 9753.00 10.64 1.01 6.24 67.10 11:51:51 D/M/Y:25/10/2017
18.890 7.43 54.10 18350.00 9909.00 10.82 1.01 6.54 70.40 11:56:51 D/M/Y:25/10/2017
19.127 7.43 54.90 18310.00 9888.00 10.80 1.01 6.55 70.80 12:1:52 D/M/Y:25/10/2017
19.105 7.43 55.70 18250.00 9858.00 10.77 1.01 6.23 67.40 12:6:53 D/M/Y:25/10/2017
19.053 7.42 53.30 18220.00 9839.00 10.74 1.01 6.46 69.70 12:11:53 D/M/Y:25/10/2017
19.067 7.43 55.60 18340.00 9903.00 10.82 1.01 6.72 72.60 12:16:54 D/M/Y:25/10/2017
19.084 7.43 56.70 18360.00 9915.00 10.83 1.01 6.27 67.70 12:21:55 D/M/Y:25/10/2017
19.082 7.43 57.50 18340.00 9907.00 10.82 1.01 6.35 68.50 12:26:55 D/M/Y:25/10/2017
19.082 7.43 58.30 18350.00 9909.00 10.83 1.01 6.54 70.70 12:31:56 D/M/Y:25/10/2017
19.062 7.44 58.80 18330.00 9903.00 10.82 1.01 6.59 71.20 12:36:57 D/M/Y:25/10/2017
19.043 7.44 58.00 18290.00 9880.00 10.79 1.01 6.62 71.40 12:41:58 D/M/Y:25/10/2017
19.018 7.44 54.70 18280.00 9871.00 10.78 1.01 6.74 72.70 12:46:58 D/M/Y:25/10/2017
19.003 7.44 52.70 18270.00 9869.00 10.78 1.01 6.50 70.00 12:51:59 D/M/Y:25/10/2017
18.972 7.45 52.50 18250.00 9860.00 10.77 1.01 6.92 74.60 12:57:0 D/M/Y:25/10/2017
18.838 7.45 55.20 18230.00 9844.00 10.75 1.01 6.80 73.20 13:2:0 D/M/Y:25/10/2017
18.857 7.45 55.30 18280.00 9873.00 10.78 1.01 6.63 71.20 13:7:1 D/M/Y:25/10/2017
18.815 7.45 55.70 18220.00 9843.00 10.74 1.01 6.96 74.80 13:12:2 D/M/Y:25/10/2017
18.828 7.46 54.60 18150.00 9804.00 10.70 1.01 7.18 77.10 13:17:2 D/M/Y:25/10/2017
18.836 7.46 55.00 18160.00 9810.00 10.71 1.01 6.65 71.40 13:22:3 D/M/Y:25/10/2017
18.847 7.46 52.60 18130.00 9791.00 10.68 1.01 6.78 72.90 13:27:4 D/M/Y:25/10/2017
18.840 7.46 53.20 18100.00 9774.00 10.66 1.01 6.63 71.20 13:32:4 D/M/Y:25/10/2017
18.681 7.45 53.20 18080.00 9766.00 10.65 1.01 6.97 74.90 13:37:5 D/M/Y:25/10/2017
18.735 7.46 55.10 18100.00 9777.00 10.66 1.01 6.49 69.50 13:42:6 D/M/Y:25/10/2017
18.740 7.46 56.50 18050.00 9749.00 10.63 1.01 6.67 71.60 13:47:6 D/M/Y:25/10/2017
18.746 7.46 58.50 18030.00 9741.00 10.62 1.01 6.85 73.50 13:52:7 D/M/Y:25/10/2017
18.707 7.46 60.00 18060.00 9756.00 10.64 1.01 6.65 71.40 13:57:8 D/M/Y:25/10/2017
18.704 7.46 60.20 18070.00 9758.00 10.64 1.01 7.09 76.00 14:2:8 D/M/Y:25/10/2017
18.502 7.47 60.90 18060.00 9754.00 10.64 1.01 6.95 74.50 14:7:9 D/M/Y:25/10/2017
18.541 7.48 61.60 17960.00 9701.00 10.57 1.01 6.95 74.20 14:12:10 D/M/Y:25/10/2017
18.583 7.47 62.50 18060.00 9753.00 10.64 1.01 6.85 73.20 14:17:10 D/M/Y:25/10/2017
18.588 7.47 63.20 18030.00 9741.00 10.62 1.01 7.02 75.00 14:22:11 D/M/Y:25/10/2017
18.588 7.46 63.80 18000.00 9724.00 10.60 1.01 6.38 68.20 14:27:12 D/M/Y:25/10/2017
18.591 7.47 64.60 18000.00 9723.00 10.60 1.01 6.89 73.70 14:32:12 D/M/Y:25/10/2017
18.577 7.47 65.10 17880.00 9657.00 10.52 1.01 7.17 76.70 14:37:13 D/M/Y:25/10/2017
18.463 7.47 65.90 17940.00 9688.00 10.56 1.01 6.86 73.40 14:42:14 D/M/Y:25/10/2017
18.482 7.47 66.10 17930.00 9686.00 10.56 1.01 7.02 74.90 14:47:14 D/M/Y:25/10/2017
18.503 7.47 66.50 17900.00 9668.00 10.53 1.01 7.14 76.20 14:52:15 D/M/Y:25/10/2017
18.493 7.47 66.90 17890.00 9664.00 10.53 1.01 7.04 75.10 14:57:16 D/M/Y:25/10/2017
18.484 7.47 67.30 17890.00 9664.00 10.53 1.01 6.93 73.90 15:2:16 D/M/Y:25/10/2017
18.463 7.48 67.70 17870.00 9651.00 10.51 1.01 6.76 72.10 15:7:17 D/M/Y:25/10/2017
18.462 7.47 68.40 17890.00 9664.00 10.53 1.01 6.72 71.70 15:12:18 D/M/Y:25/10/2017
18.454 7.47 68.60 17950.00 9695.00 10.57 1.01 6.79 72.40 15:17:18 D/M/Y:25/10/2017
18.438 7.47 69.20 18000.00 9720.00 10.59 1.01 6.66 71.00 15:22:19 D/M/Y:25/10/2017
18.431 7.46 69.40 18010.00 9726.00 10.60 1.01 6.39 68.10 15:27:20 D/M/Y:25/10/2017
18.412 7.47 69.80 17900.00 9670.00 10.54 1.01 6.89 73.50 15:32:20 D/M/Y:25/10/2017
18.407 7.46 70.30 18040.00 9743.00 10.62 1.01 6.81 72.60 15:37:21 D/M/Y:25/10/2017
18.236 7.46 70.60 18010.00 9728.00 10.60 1.01 6.65 70.90 15:42:22 D/M/Y:25/10/2017
18.421 7.45 70.90 18080.00 9766.00 10.65 1.01 6.56 69.60 15:47:23 D/M/Y:25/10/2017
18.267 7.45 71.10 18160.00 9810.00 10.70 1.01 7.07 75.00 15:52:23 D/M/Y:25/10/2017
18.407 7.45 71.50 18130.00 9795.00 10.68 1.01 6.54 69.60 15:57:24 D/M/Y:25/10/2017
18.441 7.44 71.40 18160.00 9808.00 10.70 1.01 6.49 69.10 16:2:25 D/M/Y:25/10/2017
18.448 7.43 71.60 18220.00 9839.00 10.74 1.01 6.35 67.70 16:7:25 D/M/Y:25/10/2017
18.442 7.44 71.70 18130.00 9792.00 10.68 1.01 6.75 71.90 16:12:26 D/M/Y:25/10/2017
18.266 7.41 71.80 18190.00 9825.00 10.72 1.01 6.87 73.20 16:17:27 D/M/Y:25/10/2017
18.194 7.38 72.00 17940.00 9689.00 10.56 1.01 6.57 69.50 16:22:27 D/M/Y:25/10/2017
18.345 7.39 72.10 18140.00 9800.00 10.69 1.01 6.19 65.80 16:27:28 D/M/Y:25/10/2017
18.172 7.39 72.30 18120.00 9786.00 10.67 1.01 6.58 70.00 16:32:29 D/M/Y:25/10/2017
18.166 7.38 72.10 18080.00 9767.00 10.65 1.01 6.62 70.10 16:37:29 D/M/Y:25/10/2017
18.016 7.37 72.20 17850.00 9641.00 10.50 1.01 6.49 68.80 16:42:30 D/M/Y:25/10/2017
18.000 7.36 72.60 17780.00 9605.00 10.46 1.01 6.20 65.50 16:47:31 D/M/Y:25/10/2017
18.018 7.37 72.80 17930.00 9685.00 10.55 1.01 6.30 66.60 16:52:31 D/M/Y:25/10/2017
17.998 7.35 72.80 17760.00 9595.00 10.44 1.01 6.43 67.90 16:57:32 D/M/Y:25/10/2017
18.021 7.34 73.00 17750.00 9587.00 10.43 1.01 6.28 66.30 17:2:33 D/M/Y:25/10/2017
17.866 7.33 73.10 17750.00 9585.00 10.43 1.01 6.29 66.50 17:7:33 D/M/Y:25/10/2017
17.924 7.33 73.10 17740.00 9584.00 10.43 1.01 6.25 65.80 17:12:34 D/M/Y:25/10/2017
17.906 7.33 73.10 17700.00 9561.00 10.40 1.01 6.21 65.50 17:17:35 D/M/Y:25/10/2017
17.761 7.32 72.80 17600.00 9504.00 10.33 1.01 6.35 67.00 17:22:35 D/M/Y:25/10/2017
17.943 7.31 72.70 17540.00 9474.00 10.30 1.01 6.19 65.30 17:27:36 D/M/Y:25/10/2017
17.774 7.31 72.80 17520.00 9464.00 10.29 1.01 6.06 63.90 17:32:37 D/M/Y:25/10/2017
17.937 7.30 72.50 17540.00 9473.00 10.30 1.01 6.19 65.10 17:37:37 D/M/Y:25/10/2017
17.909 7.29 72.50 17450.00 9425.00 10.24 1.01 6.05 63.80 17:42:38 D/M/Y:25/10/2017
17.913 7.30 72.10 17650.00 9533.00 10.37 1.01 5.99 63.20 17:47:39 D/M/Y:25/10/2017
17.898 7.30 71.60 17630.00 9520.00 10.35 1.01 5.98 63.00 17:52:39 D/M/Y:25/10/2017
17.873 7.28 71.60 17480.00 9442.00 10.26 1.01 6.16 64.90 17:57:40 D/M/Y:25/10/2017
17.843 7.27 71.40 17340.00 9365.00 10.17 1.01 5.95 62.70 18:2:41 D/M/Y:25/10/2017
17.814 7.26 71.50 17300.00 9346.00 10.15 1.01 5.86 61.60 18:7:41 D/M/Y:25/10/2017
17.651 7.25 71.40 17290.00 9341.00 10.14 1.01 5.83 61.30 18:12:42 D/M/Y:25/10/2017
17.687 7.25 71.50 17340.00 9363.00 10.17 1.01 5.80 60.80 18:17:43 D/M/Y:25/10/2017
17.680 7.24 71.30 17290.00 9338.00 10.14 1.01 5.74 60.20 18:22:43 D/M/Y:25/10/2017
17.560 7.24 70.70 17190.00 9284.00 10.07 1.01 5.76 60.40 18:27:44 D/M/Y:25/10/2017
17.554 7.22 71.40 17150.00 9265.00 10.05 1.01 5.67 59.30 18:32:45 D/M/Y:25/10/2017
17.534 7.23 71.40 17150.00 9265.00 10.05 1.01 5.47 57.20 18:37:45 D/M/Y:25/10/2017
17.375 7.21 71.30 17140.00 9259.00 10.04 1.01 5.49 57.20 18:42:46 D/M/Y:25/10/2017
17.363 7.19 70.40 17030.00 9198.00 9.97 1.01 5.51 57.40 18:47:47 D/M/Y:25/10/2017
17.382 7.20 69.80 17130.00 9250.00 10.03 1.01 5.46 56.90 18:52:47 D/M/Y:25/10/2017
17.385 7.20 69.40 17080.00 9225.00 10.00 1.01 5.34 55.70 18:57:48 D/M/Y:25/10/2017
17.342 7.17 69.30 16920.00 9141.00 9.90 1.01 5.42 56.50 19:2:49 D/M/Y:25/10/2017
17.185 7.16 69.10 16890.00 9125.00 9.88 1.01 5.18 53.80 19:7:49 D/M/Y:25/10/2017
17.166 7.15 69.00 16870.00 9110.00 9.86 1.01 5.16 53.60 19:12:50 D/M/Y:25/10/2017
17.117 7.15 68.90 16830.00 9088.00 9.84 1.01 5.22 54.20 19:17:51 D/M/Y:25/10/2017
17.081 7.15 68.50 16820.00 9083.00 9.83 1.01 5.06 52.40 19:22:51 D/M/Y:25/10/2017
16.801 7.13 68.10 16740.00 9042.00 9.78 1.01 5.14 53.20 19:27:52 D/M/Y:25/10/2017
16.831 7.12 68.00 16780.00 9062.00 9.80 1.01 4.79 49.40 19:32:53 D/M/Y:25/10/2017
16.968 7.14 66.90 16890.00 9122.00 9.88 1.01 5.16 53.30 19:37:53 D/M/Y:25/10/2017
16.980 7.14 14.50 16890.00 9121.00 9.87 1.01 4.95 51.20 19:42:54 D/M/Y:25/10/2017
16.945 7.12 -9.60 16800.00 9074.00 9.82 1.01 5.03 52.00 19:47:55 D/M/Y:25/10/2017
16.806 7.13 -11.10 16800.00 9074.00 9.82 1.01 5.17 53.20 19:52:55 D/M/Y:25/10/2017
16.589 7.11 12.00 16750.00 9050.00 9.79 1.01 4.91 50.40 19:57:56 D/M/Y:25/10/2017
16.712 7.12 -12.40 16830.00 9090.00 9.84 1.01 5.10 52.50 20:2:57 D/M/Y:25/10/2017
16.742 7.13 -20.90 16830.00 9090.00 9.83 1.01 5.11 52.50 20:7:57 D/M/Y:25/10/2017
16.611 7.12 -22.10 16720.00 9032.00 9.76 1.01 5.10 52.40 20:12:58 D/M/Y:25/10/2017
16.609 7.12 -8.80 16770.00 9056.00 9.79 1.01 5.10 52.30 20:17:59 D/M/Y:25/10/2017
16.776 7.12 -17.20 16810.00 9080.00 9.82 1.01 5.13 52.70 20:22:59 D/M/Y:25/10/2017
16.624 7.12 -19.10 16730.00 9038.00 9.77 1.01 4.95 51.00 20:28:0 D/M/Y:25/10/2017
16.611 7.12 -15.30 16760.00 9051.00 9.79 1.01 5.00 51.40 20:33:1 D/M/Y:25/10/2017
16.602 7.13 -6.80 16780.00 9062.00 9.80 1.01 4.97 51.00 20:38:2 D/M/Y:25/10/2017
16.442 7.13 -1.40 16750.00 9049.00 9.79 1.01 5.06 51.90 20:43:2 D/M/Y:25/10/2017
16.467 7.13 3.70 16770.00 9060.00 9.80 1.01 4.84 49.50 20:48:3 D/M/Y:25/10/2017
16.501 7.13 8.60 16800.00 9077.00 9.82 1.01 5.06 51.80 20:53:4 D/M/Y:25/10/2017
16.510 7.13 6.60 16750.00 9049.00 9.78 1.01 5.05 51.70 20:58:4 D/M/Y:25/10/2017
16.477 7.12 14.90 16720.00 9029.00 9.76 1.01 5.08 52.00 21:3:5 D/M/Y:25/10/2017
16.276 7.12 22.30 16690.00 9013.00 9.74 1.01 4.95 50.60 21:8:6 D/M/Y:25/10/2017
16.480 7.13 26.70 16740.00 9044.00 9.78 1.01 5.02 51.40 21:13:6 D/M/Y:25/10/2017
16.464 7.16 19.60 16120.00 8706.00 9.38 1.01 5.18 53.00 21:18:7 D/M/Y:25/10/2017
16.317 7.16 18.00 16390.00 8855.00 9.55 1.01 5.58 56.90 21:23:8 D/M/Y:25/10/2017
16.317 7.15 19.80 16390.00 8854.00 9.55 1.01 5.41 55.20 21:28:8 D/M/Y:25/10/2017
16.307 7.18 22.30 16050.00 8672.00 9.34 1.01 5.74 58.50 21:33:9 D/M/Y:25/10/2017
16.289 7.18 21.20 15320.00 8275.00 8.88 1.01 5.26 53.60 21:38:10 D/M/Y:25/10/2017
16.272 7.19 24.80 15890.00 8585.00 9.24 1.01 5.74 58.50 21:43:10 D/M/Y:25/10/2017
16.235 7.21 29.40 15380.00 8306.00 8.91 1.01 5.87 59.80 21:48:11 D/M/Y:25/10/2017
16.270 7.18 23.40 15850.00 8560.00 9.21 1.01 5.79 58.90 21:53:12 D/M/Y:25/10/2017
16.263 7.29 23.10 13890.00 7505.00 7.99 1.01 6.21 63.30 21:58:12 D/M/Y:25/10/2017
16.253 7.30 26.20 13660.00 7379.00 7.84 1.01 6.39 65.10 22:3:13 D/M/Y:25/10/2017
16.277 7.31 28.80 13600.00 7346.00 7.81 1.01 6.41 65.30 22:8:14 D/M/Y:25/10/2017
16.270 7.30 36.10 13500.00 7290.00 7.74 1.01 6.59 67.10 22:13:14 D/M/Y:25/10/2017
16.259 7.32 41.30 13430.00 7254.00 7.70 1.01 6.66 67.90 22:18:15 D/M/Y:25/10/2017
16.427 7.29 45.10 13950.00 7535.00 8.02 1.01 6.35 64.90 22:23:16 D/M/Y:25/10/2017
16.431 7.31 46.50 14530.00 7849.00 8.39 1.01 6.37 65.10 22:28:16 D/M/Y:25/10/2017
16.458 7.30 49.50 14750.00 7966.00 8.52 1.01 6.49 66.40 22:33:17 D/M/Y:25/10/2017
16.478 7.32 51.80 14920.00 8058.00 8.63 1.01 6.53 66.90 22:38:18 D/M/Y:25/10/2017
16.456 7.39 51.90 15350.00 8289.00 8.90 1.01 7.38 75.50 22:43:18 D/M/Y:25/10/2017
16.445 7.43 52.10 15380.00 8310.00 8.92 1.01 7.27 74.30 22:48:19 D/M/Y:25/10/2017
16.470 7.39 53.30 15420.00 8329.00 8.94 1.01 6.98 71.40 22:53:20 D/M/Y:25/10/2017
16.463 7.43 56.00 16250.00 8776.00 9.46 1.01 7.30 74.70 22:58:20 D/M/Y:25/10/2017
16.617 7.45 58.30 16150.00 8722.00 9.40 1.01 7.75 79.30 23:3:21 D/M/Y:25/10/2017
16.637 7.49 60.80 16930.00 9144.00 9.90 1.01 8.03 82.50 23:8:22 D/M/Y:25/10/2017
16.514 7.49 62.60 16860.00 9106.00 9.85 1.01 7.76 79.70 23:13:22 D/M/Y:25/10/2017
16.681 7.47 64.30 16630.00 8984.00 9.71 1.01 7.91 81.30 23:18:23 D/M/Y:25/10/2017
16.471 7.47 65.50 16710.00 9026.00 9.76 1.01 7.83 80.10 23:23:24 D/M/Y:25/10/2017
16.688 7.49 66.70 16930.00 9143.00 9.90 1.01 8.08 83.10 23:28:24 D/M/Y:25/10/2017
16.688 7.49 67.30 16920.00 9138.00 9.89 1.01 8.00 82.30 23:33:25 D/M/Y:25/10/2017
16.695 7.50 67.90 16940.00 9148.00 9.90 1.01 7.94 81.60 23:38:26 D/M/Y:25/10/2017
16.665 7.50 69.40 16920.00 9140.00 9.89 1.01 7.72 79.30 23:43:26 D/M/Y:25/10/2017
16.662 7.50 70.40 16960.00 9161.00 9.92 1.01 7.81 80.20 23:48:27 D/M/Y:25/10/2017
16.545 7.50 71.50 17010.00 9185.00 9.95 1.01 8.10 83.20 23:53:28 D/M/Y:25/10/2017
16.692 7.52 72.20 17070.00 9218.00 9.98 1.01 8.22 84.50 23:58:28 D/M/Y:25/10/2017
16.840 7.55 72.80 16950.00 9154.00 9.91 1.01 8.24 84.90 0:3:29 D/M/Y:26/10/2017
16.853 7.58 73.60 16810.00 9078.00 9.82 1.01 8.32 85.80 0:8:30 D/M/Y:26/10/2017
16.847 7.57 74.40 16900.00 9128.00 9.88 1.01 8.44 87.00 0:13:31 D/M/Y:26/10/2017
16.847 7.58 74.90 16720.00 9029.00 9.77 1.01 8.47 87.40 0:18:31 D/M/Y:26/10/2017
16.970 7.58 75.60 16690.00 9016.00 9.75 1.01 8.39 86.80 0:23:32 D/M/Y:26/10/2017
16.980 7.57 75.90 16750.00 9048.00 9.79 1.01 8.31 85.90 0:28:33 D/M/Y:26/10/2017
17.017 7.58 76.50 16680.00 9011.00 9.75 1.01 8.42 87.10 0:33:33 D/M/Y:26/10/2017
17.027 7.58 76.90 16590.00 8958.00 9.68 1.01 8.09 83.70 0:38:34 D/M/Y:26/10/2017
17.005 7.58 77.30 16640.00 8987.00 9.72 1.01 8.19 84.80 0:43:35 D/M/Y:26/10/2017
17.001 7.57 77.70 16710.00 9026.00 9.76 1.01 8.16 84.50 0:48:35 D/M/Y:26/10/2017
17.004 7.57 78.40 16660.00 8998.00 9.73 1.01 8.09 83.70 0:53:36 D/M/Y:26/10/2017
17.021 7.57 78.60 16700.00 9018.00 9.75 1.01 7.71 79.80 0:58:37 D/M/Y:26/10/2017
17.017 7.57 78.50 16700.00 9021.00 9.76 1.01 8.26 85.50 1:3:37 D/M/Y:26/10/2017
17.019 7.56 79.00 16710.00 9023.00 9.76 1.01 8.01 82.90 1:8:38 D/M/Y:26/10/2017
17.033 7.57 79.40 16740.00 9040.00 9.78 1.01 7.89 81.70 1:13:39 D/M/Y:26/10/2017
17.025 7.57 79.80 16670.00 9006.00 9.74 1.01 8.26 85.50 1:18:39 D/M/Y:26/10/2017
17.010 7.57 79.90 16680.00 9010.00 9.74 1.01 7.85 81.30 1:23:40 D/M/Y:26/10/2017
16.864 7.57 80.80 16620.00 8975.00 9.70 1.01 7.78 80.50 1:28:41 D/M/Y:26/10/2017
16.987 7.57 81.00 16630.00 8982.00 9.71 1.01 8.21 84.80 1:33:41 D/M/Y:26/10/2017
16.992 7.57 81.30 16670.00 9006.00 9.74 1.01 8.05 83.30 1:38:42 D/M/Y:26/10/2017
17.001 7.57 81.80 16590.00 8958.00 9.68 1.01 7.67 79.30 1:43:43 D/M/Y:26/10/2017
17.259 7.57 81.90 16580.00 8956.00 9.68 1.01 7.86 81.30 1:48:43 D/M/Y:26/10/2017
17.043 7.57 82.20 16560.00 8947.00 9.67 1.01 7.98 82.60 1:53:44 D/M/Y:26/10/2017
17.040 7.56 82.40 16570.00 8950.00 9.67 1.01 8.12 84.10 1:58:45 D/M/Y:26/10/2017
17.051 7.57 82.80 16410.00 8863.00 9.57 1.01 8.06 83.50 2:3:45 D/M/Y:26/10/2017
17.054 7.58 82.90 16340.00 8824.00 9.53 1.01 8.25 85.50 2:8:46 D/M/Y:26/10/2017
17.186 7.59 82.90 16260.00 8781.00 9.48 1.01 8.21 85.00 2:13:47 D/M/Y:26/10/2017
17.167 7.61 83.20 16100.00 8698.00 9.38 1.01 8.43 87.60 2:18:47 D/M/Y:26/10/2017
17.004 7.62 83.50 16190.00 8745.00 9.43 1.01 8.40 86.90 2:23:48 D/M/Y:26/10/2017
16.882 7.62 83.80 16150.00 8721.00 9.41 1.01 8.45 87.40 2:28:49 D/M/Y:26/10/2017
16.881 7.61 84.30 16200.00 8748.00 9.44 1.01 8.44 87.50 2:33:50 D/M/Y:26/10/2017
17.060 7.60 84.40 16220.00 8759.00 9.45 1.01 8.19 84.80 2:38:50 D/M/Y:26/10/2017
17.067 7.61 85.00 16200.00 8749.00 9.44 1.01 8.34 86.40 2:43:51 D/M/Y:26/10/2017
17.060 7.61 85.00 16210.00 8758.00 9.45 1.01 8.35 86.60 2:48:52 D/M/Y:26/10/2017
17.083 7.61 85.80 16210.00 8757.00 9.45 1.01 8.13 84.30 2:53:52 D/M/Y:26/10/2017
17.089 7.60 86.00 16190.00 8745.00 9.43 1.01 7.65 79.30 2:58:53 D/M/Y:26/10/2017
16.955 7.61 86.00 16210.00 8755.00 9.44 1.01 8.00 82.70 3:3:54 D/M/Y:26/10/2017
17.107 7.60 86.30 16280.00 8796.00 9.49 1.01 8.28 85.60 3:8:54 D/M/Y:26/10/2017
16.881 7.60 86.50 16260.00 8781.00 9.48 1.01 8.16 84.40 3:13:55 D/M/Y:26/10/2017
16.853 7.61 86.90 16310.00 8807.00 9.51 1.01 8.25 85.10 3:18:56 D/M/Y:26/10/2017
17.117 7.60 87.00 16270.00 8790.00 9.49 1.01 7.99 82.50 3:23:56 D/M/Y:26/10/2017
17.164 7.60 86.90 16260.00 8781.00 9.48 1.01 8.17 84.70 3:28:57 D/M/Y:26/10/2017
16.900 7.60 87.60 16220.00 8759.00 9.45 1.01 8.29 85.70 3:33:58 D/M/Y:26/10/2017
16.892 7.60 87.60 16250.00 8778.00 9.47 1.01 8.36 86.30 3:38:58 D/M/Y:26/10/2017
16.880 7.60 87.70 16250.00 8775.00 9.47 1.01 8.31 85.80 3:43:59 D/M/Y:26/10/2017
16.906 7.60 87.70 16310.00 8811.00 9.51 1.01 8.27 85.10 3:49:0 D/M/Y:26/10/2017
16.906 7.61 87.90 16240.00 8774.00 9.47 1.01 7.81 80.70 3:54:0 D/M/Y:26/10/2017
16.711 7.60 88.30 16250.00 8777.00 9.47 1.01 7.94 82.00 3:59:1 D/M/Y:26/10/2017
16.746 7.61 88.20 16310.00 8811.00 9.51 1.01 8.08 83.10 4:4:2 D/M/Y:26/10/2017
16.738 7.61 88.40 16290.00 8801.00 9.50 1.01 8.27 85.10 4:9:2 D/M/Y:26/10/2017
16.748 7.61 88.50 16270.00 8788.00 9.48 1.01 7.93 81.80 4:14:3 D/M/Y:26/10/2017
16.895 7.61 88.80 16260.00 8785.00 9.48 1.01 7.52 77.70 4:19:4 D/M/Y:26/10/2017
16.900 7.61 89.00 16270.00 8787.00 9.48 1.01 7.82 80.70 4:24:4 D/M/Y:26/10/2017
16.623 7.61 89.40 16310.00 8810.00 9.51 1.01 8.08 83.20 4:29:5 D/M/Y:26/10/2017
16.719 7.60 89.70 16380.00 8845.00 9.55 1.01 8.19 84.10 4:34:6 D/M/Y:26/10/2017
16.900 7.60 90.00 16340.00 8827.00 9.53 1.01 8.25 84.90 4:39:6 D/M/Y:26/10/2017
16.858 7.61 90.00 16300.00 8804.00 9.50 1.01 8.40 86.70 4:44:7 D/M/Y:26/10/2017
16.692 7.60 90.50 16330.00 8821.00 9.52 1.01 8.07 83.30 4:49:8 D/M/Y:26/10/2017
16.821 7.59 90.80 16340.00 8826.00 9.53 1.01 8.15 84.10 4:54:8 D/M/Y:26/10/2017
16.641 7.59 90.80 16380.00 8845.00 9.55 1.01 8.36 86.20 4:59:9 D/M/Y:26/10/2017
16.633 7.59 91.30 16450.00 8883.00 9.59 1.01 7.98 82.00 5:4:10 D/M/Y:26/10/2017
16.666 7.58 91.60 16490.00 8909.00 9.62 1.01 8.10 83.20 5:9:11 D/M/Y:26/10/2017
16.669 7.54 91.80 16570.00 8948.00 9.67 1.01 8.20 84.20 5:14:11 D/M/Y:26/10/2017
16.548 7.52 92.00 16560.00 8944.00 9.66 1.01 7.74 79.50 5:19:12 D/M/Y:26/10/2017
16.773 7.50 92.20 16640.00 8985.00 9.71 1.01 7.86 80.60 5:24:13 D/M/Y:26/10/2017
16.404 7.49 92.50 16590.00 8959.00 9.68 1.01 7.95 81.50 5:29:13 D/M/Y:26/10/2017
16.579 7.48 92.70 16580.00 8953.00 9.67 1.01 7.96 81.40 5:34:14 D/M/Y:26/10/2017
16.558 7.47 92.90 16550.00 8938.00 9.65 1.01 7.83 80.30 5:39:15 D/M/Y:26/10/2017
16.553 7.47 93.10 16590.00 8963.00 9.68 1.01 7.95 81.50 5:44:15 D/M/Y:26/10/2017
16.538 7.45 93.30 16500.00 8911.00 9.62 1.01 7.86 80.60 5:49:16 D/M/Y:26/10/2017
16.535 7.44 93.40 16520.00 8925.00 9.64 1.01 7.60 77.80 5:54:17 D/M/Y:26/10/2017
16.504 7.44 93.60 16530.00 8926.00 9.64 1.01 7.82 80.10 5:59:17 D/M/Y:26/10/2017
16.320 7.41 93.40 16440.00 8882.00 9.59 1.01 7.77 79.50 6:4:18 D/M/Y:26/10/2017
16.492 7.41 93.80 16500.00 8913.00 9.62 1.01 7.36 75.10 6:9:19 D/M/Y:26/10/2017
16.323 7.40 94.00 16510.00 8916.00 9.63 1.01 7.57 77.20 6:14:19 D/M/Y:26/10/2017
16.344 7.40 93.90 16460.00 8888.00 9.59 1.01 7.64 77.90 6:19:20 D/M/Y:26/10/2017
16.341 7.38 94.00 16450.00 8887.00 9.59 1.01 7.32 74.70 6:24:21 D/M/Y:26/10/2017
16.133 7.39 94.30 16460.00 8890.00 9.60 1.01 7.25 74.00 6:29:21 D/M/Y:26/10/2017
16.160 7.38 94.20 16490.00 8906.00 9.61 1.01 7.56 76.90 6:34:22 D/M/Y:26/10/2017
16.179 7.35 94.10 16390.00 8853.00 9.55 1.01 7.44 75.60 6:39:23 D/M/Y:26/10/2017
16.212 7.35 94.00 16400.00 8860.00 9.56 1.01 7.13 72.50 6:44:23 D/M/Y:26/10/2017
16.191 7.34 94.00 16360.00 8838.00 9.53 1.01 7.08 72.00 6:49:24 D/M/Y:26/10/2017
16.160 7.32 93.60 16260.00 8785.00 9.47 1.01 7.02 71.40 6:54:25 D/M/Y:26/10/2017
16.139 7.32 93.70 16280.00 8795.00 9.48 1.01 6.77 68.80 6:59:25 D/M/Y:26/10/2017
15.979 7.33 93.60 16310.00 8810.00 9.50 1.01 7.09 72.00 7:4:26 D/M/Y:26/10/2017
15.984 7.30 93.10 16230.00 8768.00 9.45 1.01 7.01 71.00 7:9:27 D/M/Y:26/10/2017
15.979 7.27 92.70 16200.00 8749.00 9.43 1.01 6.52 66.00 7:14:27 D/M/Y:26/10/2017
15.831 7.27 92.50 16180.00 8741.00 9.42 1.01 6.37 64.50 7:19:28 D/M/Y:26/10/2017
15.852 7.26 91.60 16220.00 8760.00 9.44 1.01 6.57 66.30 7:24:29 D/M/Y:26/10/2017
15.824 7.23 91.20 16110.00 8702.00 9.37 1.01 6.34 64.00 7:29:29 D/M/Y:26/10/2017
15.834 7.22 90.90 16090.00 8692.00 9.36 1.01 6.19 62.50 7:34:30 D/M/Y:26/10/2017
15.830 7.21 89.60 16100.00 8697.00 9.36 1.01 6.19 62.30 7:39:31 D/M/Y:26/10/2017
15.605 7.19 88.20 16050.00 8671.00 9.33 1.01 5.95 59.80 7:44:31 D/M/Y:26/10/2017
15.609 7.18 88.00 16050.00 8671.00 9.33 1.01 5.61 56.40 7:49:32 D/M/Y:26/10/2017
15.583 7.18 88.10 16030.00 8656.00 9.31 1.01 5.75 57.80 7:54:33 D/M/Y:26/10/2017
15.516 7.16 87.20 15990.00 8637.00 9.29 1.01 5.81 58.30 7:59:33 D/M/Y:26/10/2017
15.495 7.15 86.00 15980.00 8631.00 9.28 1.01 5.58 55.90 8:4:34 D/M/Y:26/10/2017
15.355 7.14 85.10 16010.00 8646.00 9.30 1.01 5.50 55.00 8:9:35 D/M/Y:26/10/2017
15.347 7.13 83.00 15980.00 8633.00 9.28 1.01 5.48 54.80 8:14:35 D/M/Y:26/10/2017
15.168 7.13 82.00 15960.00 8623.00 9.27 1.01 5.13 51.30 8:19:36 D/M/Y:26/10/2017
15.176 7.12 81.10 16010.00 8646.00 9.29 1.01 5.26 52.40 8:24:37 D/M/Y:26/10/2017
15.132 7.11 79.40 15970.00 8628.00 9.27 1.01 5.11 50.80 8:29:37 D/M/Y:26/10/2017
15.118 7.10 77.80 15970.00 8626.00 9.27 1.01 5.06 50.30 8:34:38 D/M/Y:26/10/2017
15.078 7.11 77.40 15970.00 8627.00 9.27 1.01 4.80 47.70 8:39:39 D/M/Y:26/10/2017
14.935 7.09 55.30 15990.00 8637.00 9.28 1.01 4.88 48.40 8:44:39 D/M/Y:26/10/2017
14.924 7.09 64.10 15990.00 8634.00 9.28 1.01 4.74 46.90 8:49:40 D/M/Y:26/10/2017
14.762 7.09 66.80 16020.00 8655.00 9.30 1.01 4.81 47.40 8:54:41 D/M/Y:26/10/2017
14.588 7.08 68.20 16060.00 8676.00 9.32 1.01 4.62 45.50 8:59:41 D/M/Y:26/10/2017
14.429 7.08 67.80 16060.00 8677.00 9.32 1.01 4.64 45.60 9:4:42 D/M/Y:26/10/2017
14.049 7.08 66.40 16230.00 8768.00 9.42 1.01 4.69 45.60 9:9:43 D/M/Y:26/10/2017
13.909 7.07 67.00 16350.00 8830.00 9.49 1.01 4.50 43.40 9:14:44 D/M/Y:26/10/2017
13.616 7.07 67.60 16410.00 8864.00 9.52 1.01 4.48 43.10 9:19:44 D/M/Y:26/10/2017
13.974 7.08 67.00 16240.00 8770.00 9.42 1.01 4.40 42.60 9:24:45 D/M/Y:26/10/2017
13.231 7.08 62.00 16470.00 8894.00 9.55 1.01 4.43 42.40 9:29:46 D/M/Y:26/10/2017
13.854 7.07 23.50 16260.00 8784.00 9.43 1.01 4.29 41.50 9:34:46 D/M/Y:26/10/2017
12.962 7.08 7.30 16580.00 8956.00 9.62 1.01 4.46 42.30 9:39:47 D/M/Y:26/10/2017
12.672 7.08 22.60 16680.00 9012.00 9.67 1.01 4.41 41.50 9:44:48 D/M/Y:26/10/2017
13.088 7.07 18.20 16440.00 8878.00 9.53 1.01 4.41 42.20 9:49:48 D/M/Y:26/10/2017
13.340 7.08 -5.50 16400.00 8857.00 9.51 1.01 4.37 41.80 9:54:49 D/M/Y:26/10/2017
13.716 7.07 -9.00 16260.00 8780.00 9.43 1.01 4.34 41.90 9:59:50 D/M/Y:26/10/2017
13.141 7.08 4.80 16540.00 8933.00 9.59 1.01 4.46 42.20 10:4:50 D/M/Y:26/10/2017
13.860 7.07 1.20 16150.00 8725.00 9.37 1.01 4.35 42.10 10:9:51 D/M/Y:26/10/2017
13.858 7.08 -5.60 16150.00 8726.00 9.37 1.01 4.35 42.10 10:14:52 D/M/Y:26/10/2017
14.052 7.07 0.30 16100.00 8698.00 9.34 1.01 4.29 41.70 10:19:52 D/M/Y:26/10/2017
14.195 7.07 6.30 16060.00 8673.00 9.31 1.01 4.19 40.80 10:24:53 D/M/Y:26/10/2017
14.064 7.08 15.70 16060.00 8674.00 9.31 1.01 4.22 41.00 10:29:54 D/M/Y:26/10/2017
14.176 7.07 23.80 16030.00 8661.00 9.30 1.01 4.38 42.70 10:34:54 D/M/Y:26/10/2017
14.199 7.07 -12.20 16040.00 8665.00 9.30 1.01 4.19 40.80 10:39:55 D/M/Y:26/10/2017
14.055 7.10 -3.00 15840.00 8558.00 9.17 1.01 4.82 46.70 10:44:56 D/M/Y:26/10/2017
14.073 7.13 12.50 15460.00 8351.00 8.94 1.01 4.96 48.20 10:49:56 D/M/Y:26/10/2017
14.456 7.15 21.90 14960.00 8079.00 8.63 1.01 5.11 50.10 10:54:57 D/M/Y:26/10/2017
14.284 7.14 28.90 15220.00 8220.00 8.79 1.01 5.13 50.10 10:59:58 D/M/Y:26/10/2017
14.436 7.16 34.30 15100.00 8154.00 8.71 1.01 5.22 51.20 11:4:58 D/M/Y:26/10/2017
14.279 7.16 38.70 14910.00 8053.00 8.60 1.01 4.87 47.70 11:9:59 D/M/Y:26/10/2017
14.541 7.19 41.50 14730.00 7954.00 8.49 1.01 5.15 50.60 11:15:0 D/M/Y:26/10/2017
14.500 7.23 42.90 14600.00 7886.00 8.41 1.01 5.73 56.20 11:20:0 D/M/Y:26/10/2017
14.480 7.21 47.00 14830.00 8008.00 8.55 1.01 5.67 55.60 11:25:1 D/M/Y:26/10/2017
14.516 7.26 50.50 14800.00 7995.00 8.53 1.01 5.51 54.30 11:30:2 D/M/Y:26/10/2017
14.194 7.30 53.50 14610.00 7891.00 8.41 1.01 5.87 57.30 11:35:2 D/M/Y:26/10/2017
14.173 7.27 56.00 14850.00 8021.00 8.56 1.01 6.12 59.60 11:40:3 D/M/Y:26/10/2017
14.310 7.37 58.70 15470.00 8355.00 8.94 1.01 6.64 64.80 11:45:4 D/M/Y:26/10/2017
14.481 7.39 61.30 15630.00 8440.00 9.05 1.01 6.85 67.10 11:50:4 D/M/Y:26/10/2017
14.457 7.40 63.10 15730.00 8498.00 9.11 1.01 6.72 65.90 11:55:5 D/M/Y:26/10/2017
13.831 7.39 65.20 15730.00 8498.00 9.10 1.01 6.82 66.00 12:0:6 D/M/Y:26/10/2017
14.234 7.39 66.60 15730.00 8495.00 9.10 1.01 6.76 65.90 12:5:6 D/M/Y:26/10/2017
14.389 7.42 68.40 15710.00 8488.00 9.10 1.01 7.31 71.50 12:10:7 D/M/Y:26/10/2017
14.520 7.43 69.30 15750.00 8508.00 9.12 1.01 7.38 72.40 12:15:8 D/M/Y:26/10/2017
14.480 7.42 69.40 15760.00 8511.00 9.13 1.01 7.40 72.60 12:20:8 D/M/Y:26/10/2017
14.443 7.42 70.20 15650.00 8451.00 9.06 1.01 7.19 70.40 12:25:9 D/M/Y:26/10/2017
14.610 7.44 70.70 15750.00 8508.00 9.13 1.01 7.37 72.40 12:30:10 D/M/Y:26/10/2017
14.644 7.44 71.60 15740.00 8500.00 9.12 1.01 6.95 68.30 12:35:10 D/M/Y:26/10/2017
14.503 7.44 71.30 15730.00 8496.00 9.11 1.01 7.38 72.30 12:40:11 D/M/Y:26/10/2017
14.511 7.45 73.10 15770.00 8518.00 9.14 1.01 7.05 69.20 12:45:12 D/M/Y:26/10/2017
14.539 7.45 70.10 15800.00 8532.00 9.15 1.01 7.15 70.20 12:50:12 D/M/Y:26/10/2017
14.474 7.46 69.80 15740.00 8504.00 9.12 1.01 7.51 73.70 12:55:13 D/M/Y:26/10/2017
14.489 7.45 71.60 15780.00 8522.00 9.14 1.01 7.41 72.70 13:0:14 D/M/Y:26/10/2017
14.535 7.46 70.10 15790.00 8531.00 9.15 1.01 7.29 71.60 13:5:14 D/M/Y:26/10/2017
14.539 7.47 71.30 15730.00 8498.00 9.11 1.01 7.50 73.60 13:10:15 D/M/Y:26/10/2017
14.523 7.47 72.90 15740.00 8502.00 9.12 1.01 7.37 72.30 13:15:16 D/M/Y:26/10/2017
14.309 7.48 73.90 15730.00 8496.00 9.11 1.01 7.57 74.30 13:20:16 D/M/Y:26/10/2017
14.589 7.48 75.40 15730.00 8497.00 9.11 1.01 7.35 72.30 13:25:17 D/M/Y:26/10/2017
14.669 7.48 75.60 15730.00 8497.00 9.11 1.01 7.59 74.70 13:30:18 D/M/Y:26/10/2017
14.481 7.49 76.60 15730.00 8497.00 9.11 1.01 7.63 75.10 13:35:18 D/M/Y:26/10/2017
14.656 7.50 77.80 15780.00 8522.00 9.14 1.01 7.41 72.90 13:40:19 D/M/Y:26/10/2017
14.651 7.50 77.60 15770.00 8518.00 9.14 1.01 7.19 70.80 13:45:20 D/M/Y:26/10/2017
14.745 7.50 78.40 15800.00 8536.00 9.16 1.01 7.56 74.40 13:50:20 D/M/Y:26/10/2017
14.540 7.50 79.60 15890.00 8585.00 9.21 1.01 7.55 74.20 13:55:21 D/M/Y:26/10/2017
14.580 7.50 80.30 15930.00 8603.00 9.23 1.01 7.40 72.70 14:0:22 D/M/Y:26/10/2017
14.576 7.50 81.10 15940.00 8608.00 9.24 1.01 7.26 71.40 14:5:22 D/M/Y:26/10/2017
14.601 7.50 81.60 15910.00 8593.00 9.22 1.01 7.25 71.30 14:10:23 D/M/Y:26/10/2017
14.591 7.50 82.70 15910.00 8591.00 9.22 1.01 7.14 70.20 14:15:24 D/M/Y:26/10/2017
14.444 7.50 83.50 15880.00 8578.00 9.21 1.01 7.33 72.00 14:20:24 D/M/Y:26/10/2017
14.457 7.51 84.20 15960.00 8620.00 9.25 1.01 7.29 71.40 14:25:25 D/M/Y:26/10/2017
14.478 7.50 84.90 15950.00 8615.00 9.25 1.01 7.26 71.20 14:30:25 D/M/Y:26/10/2017
14.493 7.50 85.40 15950.00 8617.00 9.25 1.01 7.03 68.90 14:35:26 D/M/Y:26/10/2017
14.472 7.50 86.20 15930.00 8603.00 9.23 1.01 7.56 74.10 14:40:27 D/M/Y:26/10/2017
14.315 7.50 86.70 15930.00 8603.00 9.23 1.01 7.29 71.40 14:45:27 D/M/Y:26/10/2017
14.322 7.50 86.90 15970.00 8626.00 9.26 1.01 7.25 70.90 14:50:28 D/M/Y:26/10/2017
14.315 7.50 87.60 15970.00 8625.00 9.26 1.01 7.38 72.10 14:55:29 D/M/Y:26/10/2017
14.311 7.50 88.10 16000.00 8642.00 9.28 1.01 7.62 74.50 15:0:29 D/M/Y:26/10/2017
14.277 7.51 88.30 15990.00 8635.00 9.27 1.01 7.49 73.20 15:5:30 D/M/Y:26/10/2017
14.243 7.51 88.40 15990.00 8638.00 9.27 1.01 7.64 74.60 15:10:31 D/M/Y:26/10/2017
14.060 7.51 88.30 16040.00 8665.00 9.30 1.01 7.57 73.80 15:15:31 D/M/Y:26/10/2017
14.283 7.50 88.70 16060.00 8675.00 9.31 1.01 7.29 71.20 15:20:32 D/M/Y:26/10/2017
14.110 7.51 88.40 16070.00 8680.00 9.32 1.01 7.59 74.10 15:25:33 D/M/Y:26/10/2017
14.136 7.52 88.80 16130.00 8714.00 9.36 1.01 7.49 72.90 15:30:33 D/M/Y:26/10/2017
14.290 7.51 88.90 16140.00 8719.00 9.36 1.01 7.33 71.60 15:35:34 D/M/Y:26/10/2017
14.098 7.51 89.40 16100.00 8698.00 9.34 1.01 7.44 72.60 15:40:35 D/M/Y:26/10/2017
14.259 7.52 89.70 16180.00 8741.00 9.39 1.01 7.19 70.00 15:45:35 D/M/Y:26/10/2017
14.120 7.51 89.90 16160.00 8730.00 9.38 1.01 7.44 72.70 15:50:36 D/M/Y:26/10/2017
14.312 7.51 90.50 16150.00 8722.00 9.37 1.01 7.10 69.40 15:55:37 D/M/Y:26/10/2017
14.272 7.51 91.10 16180.00 8737.00 9.39 1.01 6.91 67.50 16:0:37 D/M/Y:26/10/2017
14.189 7.52 91.10 16150.00 8723.00 9.37 1.01 6.94 67.70 16:5:38 D/M/Y:26/10/2017
14.218 7.52 91.70 16170.00 8736.00 9.38 1.01 7.11 69.30 16:10:39 D/M/Y:26/10/2017
14.007 7.52 92.20 16100.00 8697.00 9.34 1.01 7.64 74.20 16:15:39 D/M/Y:26/10/2017
13.992 7.51 92.80 16070.00 8678.00 9.31 1.01 7.66 74.30 16:20:40 D/M/Y:26/10/2017
13.983 7.52 93.10 16070.00 8679.00 9.31 1.01 7.41 71.90 16:25:41 D/M/Y:26/10/2017
13.975 7.52 93.50 16020.00 8654.00 9.28 1.01 7.65 74.20 16:30:41 D/M/Y:26/10/2017
13.970 7.52 93.80 16020.00 8652.00 9.28 1.01 7.74 75.10 16:35:42 D/M/Y:26/10/2017
13.996 7.51 94.10 16010.00 8650.00 9.28 1.01 7.47 72.50 16:40:43 D/M/Y:26/10/2017
14.128 7.51 94.40 16030.00 8657.00 9.29 1.01 7.49 72.70 16:45:43 D/M/Y:26/10/2017
13.966 7.51 94.50 15950.00 8618.00 9.24 1.01 7.52 73.20 16:50:44 D/M/Y:26/10/2017
13.970 7.50 94.80 15990.00 8637.00 9.26 1.01 7.60 73.70 16:55:45 D/M/Y:26/10/2017
13.927 7.50 95.10 16000.00 8643.00 9.27 1.01 7.76 75.20 17:0:45 D/M/Y:26/10/2017
13.941 7.50 95.40 15940.00 8611.00 9.23 1.01 7.57 73.40 17:5:46 D/M/Y:26/10/2017
13.944 7.50 95.40 15980.00 8634.00 9.26 1.01 7.66 74.30 17:10:47 D/M/Y:26/10/2017
13.919 7.50 95.80 15950.00 8614.00 9.24 1.01 7.78 75.30 17:15:47 D/M/Y:26/10/2017
13.930 7.49 95.30 15900.00 8588.00 9.21 1.01 7.66 74.20 17:20:48 D/M/Y:26/10/2017
13.803 7.48 95.30 15880.00 8578.00 9.20 1.01 7.50 72.60 17:25:49 D/M/Y:26/10/2017
13.801 7.48 95.00 15930.00 8602.00 9.22 1.01 7.63 74.00 17:30:49 D/M/Y:26/10/2017
13.763 7.48 94.60 15900.00 8588.00 9.20 1.01 7.61 73.50 17:35:50 D/M/Y:26/10/2017
13.888 7.47 94.40 15850.00 8561.00 9.17 1.01 7.57 73.30 17:40:51 D/M/Y:26/10/2017
13.859 7.46 94.50 15830.00 8550.00 9.16 1.01 7.59 73.50 17:45:51 D/M/Y:26/10/2017
13.807 7.45 94.40 15850.00 8562.00 9.18 1.01 7.45 72.10 17:50:52 D/M/Y:26/10/2017
13.831 7.45 94.80 15900.00 8586.00 9.20 1.01 7.39 71.40 17:55:53 D/M/Y:26/10/2017
13.672 7.44 94.70 15790.00 8527.00 9.13 1.01 7.40 71.50 18:0:53 D/M/Y:26/10/2017
13.510 7.42 94.60 15780.00 8523.00 9.13 1.01 7.43 71.50 18:5:54 D/M/Y:26/10/2017
13.523 7.41 94.50 15790.00 8530.00 9.13 1.01 7.41 71.20 18:10:55 D/M/Y:26/10/2017
13.449 7.40 94.50 15770.00 8518.00 9.12 1.01 7.23 69.50 18:15:55 D/M/Y:26/10/2017
13.438 7.40 94.20 15730.00 8498.00 9.09 1.01 7.22 69.20 18:20:56 D/M/Y:26/10/2017
13.429 7.38 93.80 15710.00 8484.00 9.08 1.01 7.11 68.10 18:25:57 D/M/Y:26/10/2017
13.416 7.38 93.50 15700.00 8479.00 9.07 1.01 7.08 67.80 18:30:57 D/M/Y:26/10/2017
13.264 7.37 93.20 15650.00 8451.00 9.04 1.01 7.06 67.60 18:35:58 D/M/Y:26/10/2017
13.230 7.34 92.50 15580.00 8414.00 8.99 1.01 7.00 66.80 18:40:59 D/M/Y:26/10/2017
13.002 7.33 92.20 15570.00 8409.00 8.99 1.01 6.89 65.70 18:45:59 D/M/Y:26/10/2017
12.935 7.31 91.10 15580.00 8415.00 8.99 1.01 6.75 64.10 18:51:0 D/M/Y:26/10/2017
12.972 7.28 90.50 15570.00 8408.00 8.98 1.01 6.42 60.80 18:56:1 D/M/Y:26/10/2017
12.974 7.26 90.00 15530.00 8386.00 8.96 1.01 6.31 59.90 19:1:1 D/M/Y:26/10/2017
12.776 7.23 89.90 15510.00 8377.00 8.94 1.01 5.85 55.50 19:6:2 D/M/Y:26/10/2017
12.946 7.21 89.40 15540.00 8394.00 8.96 1.01 5.84 55.20 19:11:3 D/M/Y:26/10/2017
12.770 7.20 88.60 15520.00 8382.00 8.95 1.01 5.65 53.40 19:16:3 D/M/Y:26/10/2017
12.632 7.18 87.80 15490.00 8368.00 8.93 1.01 5.59 52.70 19:21:4 D/M/Y:26/10/2017
12.637 7.18 86.90 15530.00 8390.00 8.95 1.01 5.45 51.30 19:26:4 D/M/Y:26/10/2017
12.605 7.17 86.10 15520.00 8381.00 8.94 1.01 5.54 52.10 19:31:5 D/M/Y:26/10/2017
12.439 7.16 84.60 15510.00 8380.00 8.94 1.01 5.57 52.40 19:36:6 D/M/Y:26/10/2017
12.457 7.15 83.60 15550.00 8402.00 8.96 1.01 5.36 50.20 19:41:6 D/M/Y:26/10/2017
12.491 7.15 82.70 15550.00 8400.00 8.96 1.01 5.15 48.30 19:46:7 D/M/Y:26/10/2017
12.132 7.15 81.60 15590.00 8422.00 8.98 1.01 5.33 49.80 19:51:8 D/M/Y:26/10/2017
12.101 7.14 80.10 15660.00 8458.00 9.02 1.01 5.29 49.20 19:56:8 D/M/Y:26/10/2017
12.068 7.14 78.90 15660.00 8460.00 9.02 1.01 5.18 48.20 20:1:9 D/M/Y:26/10/2017
11.828 7.13 78.60 15780.00 8522.00 9.09 1.01 5.14 47.50 20:6:10 D/M/Y:26/10/2017
10.773 7.13 77.10 16190.00 8743.00 9.32 1.01 5.29 47.80 20:11:10 D/M/Y:26/10/2017
10.204 7.12 75.00 16480.00 8904.00 9.48 1.01 5.15 45.90 20:16:11 D/M/Y:26/10/2017
10.713 7.12 73.40 16280.00 8794.00 9.37 1.01 5.01 45.00 20:21:12 D/M/Y:26/10/2017
9.591 7.13 71.60 16720.00 9034.00 9.61 1.01 5.07 44.50 20:26:12 D/M/Y:26/10/2017
8.958 7.10 71.00 17040.00 9202.00 9.78 1.01 5.79 50.10 20:31:13 D/M/Y:26/10/2017
8.821 7.10 68.80 17060.00 9214.00 9.79 1.01 11.36 97.80 20:36:14 D/M/Y:26/10/2017
8.614 7.10 67.40 17120.00 9247.00 9.82 1.01 11.91 101.80 20:41:14 D/M/Y:26/10/2017
8.789 7.11 64.30 17000.00 9181.00 9.75 1.01 12.01 103.00 20:46:15 D/M/Y:26/10/2017
8.620 7.09 63.80 16610.00 8974.00 9.52 1.01 11.94 102.80 20:51:16 D/M/Y:26/10/2017
8.769 7.26 55.80 15620.00 8437.00 8.90 1.01 12.13 104.30 20:56:16 D/M/Y:26/10/2017
8.955 7.53 62.90 15500.00 8373.00 8.83 1.01 12.05 103.70 21:1:17 D/M/Y:26/10/2017
8.957 7.72 67.00 15470.00 8353.00 8.81 1.01 11.93 103.10 21:6:18 D/M/Y:26/10/2017
9.117 7.82 69.80 15460.00 8352.00 8.82 1.01 11.97 103.80 21:11:18 D/M/Y:26/10/2017
8.967 7.88 74.40 15490.00 8367.00 8.83 1.01 11.91 103.30 21:16:19 D/M/Y:26/10/2017
9.137 7.91 73.10 15550.00 8402.00 8.87 1.01 11.82 102.70 21:21:20 D/M/Y:26/10/2017
9.293 7.93 74.10 15670.00 8462.00 8.94 1.01 11.90 103.40 21:26:20 D/M/Y:26/10/2017
9.437 7.94 73.90 15690.00 8473.00 8.96 1.01 11.83 103.10 21:31:21 D/M/Y:26/10/2017
9.419 7.94 70.00 15680.00 8471.00 8.96 1.01 11.80 103.10 21:36:22 D/M/Y:26/10/2017
9.625 7.93 66.20 15710.00 8483.00 8.98 1.01 11.77 103.40 21:41:22 D/M/Y:26/10/2017
9.686 7.92 64.20 15800.00 8532.00 9.04 1.01 11.71 102.90 21:46:23 D/M/Y:26/10/2017
9.786 7.87 61.50 15770.00 8518.00 9.03 1.01 11.65 102.70 21:51:24 D/M/Y:26/10/2017
9.986 7.86 60.10 15770.00 8519.00 9.03 1.01 11.65 103.20 21:56:24 D/M/Y:26/10/2017
9.963 7.87 58.00 15860.00 8566.00 9.09 1.01 11.53 102.20 22:1:25 D/M/Y:26/10/2017
10.265 7.85 54.90 15850.00 8559.00 9.09 1.01 11.47 102.30 22:6:26 D/M/Y:26/10/2017
10.436 7.84 54.00 15820.00 8547.00 9.08 1.01 11.42 102.20 22:11:26 D/M/Y:26/10/2017
10.623 7.17 50.60 16250.00 8776.00 9.34 1.01 11.47 102.70 22:16:27 D/M/Y:26/10/2017
10.658 7.11 54.10 16240.00 8769.00 9.34 1.01 11.20 100.80 22:21:28 D/M/Y:26/10/2017
